date,ticker,permno,prc,vol,ret
2020-12-14,DIS,26403,169.3,30939390.0,-0.036535
2020-12-14,DIS,26403,169.3,30939390.0,-0.036535
2020-12-14,DIS,26403,169.3,30939390.0,-0.036535
2020-12-14,DIS,26403,169.3,30939390.0,-0.036535
2020-12-14,DIS,26403,169.3,30939390.0,-0.036535
2020-12-14,DIS,26403,169.3,30939390.0,-0.036535
2020-12-14,DIS,26403,169.3,30939390.0,-0.036535
2020-12-14,DIS,26403,169.3,30939390.0,-0.036535
2020-12-14,DIS,26403,169.3,30939390.0,-0.036535
2020-12-15,DIS,26403,173.94,18817185.0,0.027407
2020-12-15,DIS,26403,173.94,18817185.0,0.027407
2020-12-15,DIS,26403,173.94,18817185.0,0.027407
2020-12-15,DIS,26403,173.94,18817185.0,0.027407
2020-12-15,DIS,26403,173.94,18817185.0,0.027407
2020-12-15,DIS,26403,173.94,18817185.0,0.027407
2020-12-15,DIS,26403,173.94,18817185.0,0.027407
2020-12-15,DIS,26403,173.94,18817185.0,0.027407
2020-12-15,DIS,26403,173.94,18817185.0,0.027407
2020-12-16,DIS,26403,173.12,11105791.0,-0.004714
2020-12-16,DIS,26403,173.12,11105791.0,-0.004714
2020-12-16,DIS,26403,173.12,11105791.0,-0.004714
2020-12-16,DIS,26403,173.12,11105791.0,-0.004714
2020-12-16,DIS,26403,173.12,11105791.0,-0.004714
2020-12-16,DIS,26403,173.12,11105791.0,-0.004714
2020-12-16,DIS,26403,173.12,11105791.0,-0.004714
2020-12-16,DIS,26403,173.12,11105791.0,-0.004714
2020-12-16,DIS,26403,173.12,11105791.0,-0.004714
2020-12-17,DIS,26403,173.55,9004574.0,0.002484
2020-12-17,DIS,26403,173.55,9004574.0,0.002484
2020-12-17,DIS,26403,173.55,9004574.0,0.002484
2020-12-17,DIS,26403,173.55,9004574.0,0.002484
2020-12-17,DIS,26403,173.55,9004574.0,0.002484
2020-12-17,DIS,26403,173.55,9004574.0,0.002484
2020-12-17,DIS,26403,173.55,9004574.0,0.002484
2020-12-17,DIS,26403,173.55,9004574.0,0.002484
2020-12-17,DIS,26403,173.55,9004574.0,0.002484
2020-12-18,DIS,26403,172.89,21172083.0,-0.003803
2020-12-18,DIS,26403,172.89,21172083.0,-0.003803
2020-12-18,DIS,26403,172.89,21172083.0,-0.003803
2020-12-18,DIS,26403,172.89,21172083.0,-0.003803
2020-12-18,DIS,26403,172.89,21172083.0,-0.003803
2020-12-18,DIS,26403,172.89,21172083.0,-0.003803
2020-12-18,DIS,26403,172.89,21172083.0,-0.003803
2020-12-18,DIS,26403,172.89,21172083.0,-0.003803
2020-12-18,DIS,26403,172.89,21172083.0,-0.003803
2020-12-21,DIS,26403,170.69,11424234.0,-0.012725
2020-12-21,DIS,26403,170.69,11424234.0,-0.012725
2020-12-21,DIS,26403,170.69,11424234.0,-0.012725
2020-12-21,DIS,26403,170.69,11424234.0,-0.012725
2020-12-21,DIS,26403,170.69,11424234.0,-0.012725
2020-12-21,DIS,26403,170.69,11424234.0,-0.012725
2020-12-21,DIS,26403,170.69,11424234.0,-0.012725
2020-12-21,DIS,26403,170.69,11424234.0,-0.012725
2020-12-21,DIS,26403,170.69,11424234.0,-0.012725
2020-12-22,DIS,26403,170.45,6424901.0,-0.001406
2020-12-22,DIS,26403,170.45,6424901.0,-0.001406
2020-12-22,DIS,26403,170.45,6424901.0,-0.001406
2020-12-22,DIS,26403,170.45,6424901.0,-0.001406
2020-12-22,DIS,26403,170.45,6424901.0,-0.001406
2020-12-22,DIS,26403,170.45,6424901.0,-0.001406
2020-12-22,DIS,26403,170.45,6424901.0,-0.001406
2020-12-22,DIS,26403,170.45,6424901.0,-0.001406
2020-12-22,DIS,26403,170.45,6424901.0,-0.001406
2020-12-23,DIS,26403,173.55,9994045.0,0.018187
2020-12-23,DIS,26403,173.55,9994045.0,0.018187
2020-12-23,DIS,26403,173.55,9994045.0,0.018187
2020-12-23,DIS,26403,173.55,9994045.0,0.018187
2020-12-23,DIS,26403,173.55,9994045.0,0.018187
2020-12-23,DIS,26403,173.55,9994045.0,0.018187
2020-12-23,DIS,26403,173.55,9994045.0,0.018187
2020-12-23,DIS,26403,173.55,9994045.0,0.018187
2020-12-23,DIS,26403,173.55,9994045.0,0.018187
2020-12-24,DIS,26403,173.73,2720964.0,0.001037
2020-12-24,DIS,26403,173.73,2720964.0,0.001037
2020-12-24,DIS,26403,173.73,2720964.0,0.001037
2020-12-24,DIS,26403,173.73,2720964.0,0.001037
2020-12-24,DIS,26403,173.73,2720964.0,0.001037
2020-12-24,DIS,26403,173.73,2720964.0,0.001037
2020-12-24,DIS,26403,173.73,2720964.0,0.001037
2020-12-24,DIS,26403,173.73,2720964.0,0.001037
2020-12-24,DIS,26403,173.73,2720964.0,0.001037
2020-12-28,DIS,26403,178.86,13145438.0,0.029529
2020-12-28,DIS,26403,178.86,13145438.0,0.029529
2020-12-28,DIS,26403,178.86,13145438.0,0.029529
2020-12-28,DIS,26403,178.86,13145438.0,0.029529
2020-12-28,DIS,26403,178.86,13145438.0,0.029529
2020-12-28,DIS,26403,178.86,13145438.0,0.029529
2020-12-28,DIS,26403,178.86,13145438.0,0.029529
2020-12-28,DIS,26403,178.86,13145438.0,0.029529
2020-12-28,DIS,26403,178.86,13145438.0,0.029529
2020-12-29,DIS,26403,177.3,6875370.0,-0.008722
2020-12-29,DIS,26403,177.3,6875370.0,-0.008722
2020-12-29,DIS,26403,177.3,6875370.0,-0.008722
2020-12-29,DIS,26403,177.3,6875370.0,-0.008722
2020-12-29,DIS,26403,177.3,6875370.0,-0.008722
2020-12-29,DIS,26403,177.3,6875370.0,-0.008722
2020-12-29,DIS,26403,177.3,6875370.0,-0.008722
2020-12-29,DIS,26403,177.3,6875370.0,-0.008722
2020-12-29,DIS,26403,177.3,6875370.0,-0.008722
2020-12-30,DIS,26403,181.17,11680443.0,0.021827
2020-12-30,DIS,26403,181.17,11680443.0,0.021827
2020-12-30,DIS,26403,181.17,11680443.0,0.021827
2020-12-30,DIS,26403,181.17,11680443.0,0.021827
2020-12-30,DIS,26403,181.17,11680443.0,0.021827
2020-12-30,DIS,26403,181.17,11680443.0,0.021827
2020-12-30,DIS,26403,181.17,11680443.0,0.021827
2020-12-30,DIS,26403,181.17,11680443.0,0.021827
2020-12-30,DIS,26403,181.17,11680443.0,0.021827
2020-12-31,DIS,26403,181.17999,7073495.0,5.5e-05
2020-12-31,DIS,26403,181.17999,7073495.0,5.5e-05
2020-12-31,DIS,26403,181.17999,7073495.0,5.5e-05
2020-12-31,DIS,26403,181.17999,7073495.0,5.5e-05
2020-12-31,DIS,26403,181.17999,7073495.0,5.5e-05
2020-12-31,DIS,26403,181.17999,7073495.0,5.5e-05
2020-12-31,DIS,26403,181.17999,7073495.0,5.5e-05
2020-12-31,DIS,26403,181.17999,7073495.0,5.5e-05
2020-12-31,DIS,26403,181.17999,7073495.0,5.5e-05
2021-01-04,DIS,26403,177.67999,13426595.0,-0.019318
2021-01-04,DIS,26403,177.67999,13426595.0,-0.019318
2021-01-04,DIS,26403,177.67999,13426595.0,-0.019318
2021-01-04,DIS,26403,177.67999,13426595.0,-0.019318
2021-01-04,DIS,26403,177.67999,13426595.0,-0.019318
2021-01-04,DIS,26403,177.67999,13426595.0,-0.019318
2021-01-04,DIS,26403,177.67999,13426595.0,-0.019318
2021-01-04,DIS,26403,177.67999,13426595.0,-0.019318
2021-01-04,DIS,26403,177.67999,13426595.0,-0.019318
2021-01-05,DIS,26403,178.44,7771802.0,0.004277
2021-01-05,DIS,26403,178.44,7771802.0,0.004277
2021-01-05,DIS,26403,178.44,7771802.0,0.004277
2021-01-05,DIS,26403,178.44,7771802.0,0.004277
2021-01-05,DIS,26403,178.44,7771802.0,0.004277
2021-01-05,DIS,26403,178.44,7771802.0,0.004277
2021-01-05,DIS,26403,178.44,7771802.0,0.004277
2021-01-05,DIS,26403,178.44,7771802.0,0.004277
2021-01-05,DIS,26403,178.44,7771802.0,0.004277
2021-01-06,DIS,26403,179.12,7517758.0,0.003811
2021-01-06,DIS,26403,179.12,7517758.0,0.003811
2021-01-06,DIS,26403,179.12,7517758.0,0.003811
2021-01-06,DIS,26403,179.12,7517758.0,0.003811
2021-01-06,DIS,26403,179.12,7517758.0,0.003811
2021-01-06,DIS,26403,179.12,7517758.0,0.003811
2021-01-06,DIS,26403,179.12,7517758.0,0.003811
2021-01-06,DIS,26403,179.12,7517758.0,0.003811
2021-01-06,DIS,26403,179.12,7517758.0,0.003811
2021-01-07,DIS,26403,178.58,7300815.0,-0.003015
2021-01-07,DIS,26403,178.58,7300815.0,-0.003015
2021-01-07,DIS,26403,178.58,7300815.0,-0.003015
2021-01-07,DIS,26403,178.58,7300815.0,-0.003015
2021-01-07,DIS,26403,178.58,7300815.0,-0.003015
2021-01-07,DIS,26403,178.58,7300815.0,-0.003015
2021-01-07,DIS,26403,178.58,7300815.0,-0.003015
2021-01-07,DIS,26403,178.58,7300815.0,-0.003015
2021-01-07,DIS,26403,178.58,7300815.0,-0.003015
2021-01-08,DIS,26403,178.69,7894454.0,0.000616
2021-01-08,DIS,26403,178.69,7894454.0,0.000616
2021-01-08,DIS,26403,178.69,7894454.0,0.000616
2021-01-08,DIS,26403,178.69,7894454.0,0.000616
2021-01-08,DIS,26403,178.69,7894454.0,0.000616
2021-01-08,DIS,26403,178.69,7894454.0,0.000616
2021-01-08,DIS,26403,178.69,7894454.0,0.000616
2021-01-08,DIS,26403,178.69,7894454.0,0.000616
2021-01-08,DIS,26403,178.69,7894454.0,0.000616
2021-01-11,DIS,26403,179.09,6464144.0,0.002238
2021-01-11,DIS,26403,179.09,6464144.0,0.002238
2021-01-11,DIS,26403,179.09,6464144.0,0.002238
2021-01-11,DIS,26403,179.09,6464144.0,0.002238
2021-01-11,DIS,26403,179.09,6464144.0,0.002238
2021-01-11,DIS,26403,179.09,6464144.0,0.002238
2021-01-11,DIS,26403,179.09,6464144.0,0.002238
2021-01-11,DIS,26403,179.09,6464144.0,0.002238
2021-01-11,DIS,26403,179.09,6464144.0,0.002238
2021-01-12,DIS,26403,175.99001,8349839.0,-0.01731
2021-01-12,DIS,26403,175.99001,8349839.0,-0.01731
2021-01-12,DIS,26403,175.99001,8349839.0,-0.01731
2021-01-12,DIS,26403,175.99001,8349839.0,-0.01731
2021-01-12,DIS,26403,175.99001,8349839.0,-0.01731
2021-01-12,DIS,26403,175.99001,8349839.0,-0.01731
2021-01-12,DIS,26403,175.99001,8349839.0,-0.01731
2021-01-12,DIS,26403,175.99001,8349839.0,-0.01731
2021-01-12,DIS,26403,175.99001,8349839.0,-0.01731
2021-01-13,DIS,26403,176.12,6839540.0,0.000739
2021-01-13,DIS,26403,176.12,6839540.0,0.000739
2021-01-13,DIS,26403,176.12,6839540.0,0.000739
2021-01-13,DIS,26403,176.12,6839540.0,0.000739
2021-01-13,DIS,26403,176.12,6839540.0,0.000739
2021-01-13,DIS,26403,176.12,6839540.0,0.000739
2021-01-13,DIS,26403,176.12,6839540.0,0.000739
2021-01-13,DIS,26403,176.12,6839540.0,0.000739
2021-01-13,DIS,26403,176.12,6839540.0,0.000739
2021-01-14,DIS,26403,173.42999,8951171.0,-0.015274
2021-01-14,DIS,26403,173.42999,8951171.0,-0.015274
2021-01-14,DIS,26403,173.42999,8951171.0,-0.015274
2021-01-14,DIS,26403,173.42999,8951171.0,-0.015274
2021-01-14,DIS,26403,173.42999,8951171.0,-0.015274
2021-01-14,DIS,26403,173.42999,8951171.0,-0.015274
2021-01-14,DIS,26403,173.42999,8951171.0,-0.015274
2021-01-14,DIS,26403,173.42999,8951171.0,-0.015274
2021-01-14,DIS,26403,173.42999,8951171.0,-0.015274
2021-01-15,DIS,26403,171.44,12232542.0,-0.011474
2021-01-15,DIS,26403,171.44,12232542.0,-0.011474
2021-01-15,DIS,26403,171.44,12232542.0,-0.011474
2021-01-15,DIS,26403,171.44,12232542.0,-0.011474
2021-01-15,DIS,26403,171.44,12232542.0,-0.011474
2021-01-15,DIS,26403,171.44,12232542.0,-0.011474
2021-01-15,DIS,26403,171.44,12232542.0,-0.011474
2021-01-15,DIS,26403,171.44,12232542.0,-0.011474
2021-01-15,DIS,26403,171.44,12232542.0,-0.011474
2021-01-19,DIS,26403,172.25999,7834738.0,0.004783
2021-01-19,DIS,26403,172.25999,7834738.0,0.004783
2021-01-19,DIS,26403,172.25999,7834738.0,0.004783
2021-01-19,DIS,26403,172.25999,7834738.0,0.004783
2021-01-19,DIS,26403,172.25999,7834738.0,0.004783
2021-01-19,DIS,26403,172.25999,7834738.0,0.004783
2021-01-19,DIS,26403,172.25999,7834738.0,0.004783
2021-01-19,DIS,26403,172.25999,7834738.0,0.004783
2021-01-19,DIS,26403,172.25999,7834738.0,0.004783
2021-01-20,DIS,26403,173.64,9809232.0,0.008011
2021-01-20,DIS,26403,173.64,9809232.0,0.008011
2021-01-20,DIS,26403,173.64,9809232.0,0.008011
2021-01-20,DIS,26403,173.64,9809232.0,0.008011
2021-01-20,DIS,26403,173.64,9809232.0,0.008011
2021-01-20,DIS,26403,173.64,9809232.0,0.008011
2021-01-20,DIS,26403,173.64,9809232.0,0.008011
2021-01-20,DIS,26403,173.64,9809232.0,0.008011
2021-01-20,DIS,26403,173.64,9809232.0,0.008011
2021-01-21,DIS,26403,171.28,8423916.0,-0.013591
2021-01-21,DIS,26403,171.28,8423916.0,-0.013591
2021-01-21,DIS,26403,171.28,8423916.0,-0.013591
2021-01-21,DIS,26403,171.28,8423916.0,-0.013591
2021-01-21,DIS,26403,171.28,8423916.0,-0.013591
2021-01-21,DIS,26403,171.28,8423916.0,-0.013591
2021-01-21,DIS,26403,171.28,8423916.0,-0.013591
2021-01-21,DIS,26403,171.28,8423916.0,-0.013591
2021-01-21,DIS,26403,171.28,8423916.0,-0.013591
2021-01-22,DIS,26403,172.78,9517202.0,0.008758
2021-01-22,DIS,26403,172.78,9517202.0,0.008758
2021-01-22,DIS,26403,172.78,9517202.0,0.008758
2021-01-22,DIS,26403,172.78,9517202.0,0.008758
2021-01-22,DIS,26403,172.78,9517202.0,0.008758
2021-01-22,DIS,26403,172.78,9517202.0,0.008758
2021-01-22,DIS,26403,172.78,9517202.0,0.008758
2021-01-22,DIS,26403,172.78,9517202.0,0.008758
2021-01-22,DIS,26403,172.78,9517202.0,0.008758
2021-01-25,DIS,26403,171.89,7833745.0,-0.005151
2021-01-25,DIS,26403,171.89,7833745.0,-0.005151
2021-01-25,DIS,26403,171.89,7833745.0,-0.005151
2021-01-25,DIS,26403,171.89,7833745.0,-0.005151
2021-01-25,DIS,26403,171.89,7833745.0,-0.005151
2021-01-25,DIS,26403,171.89,7833745.0,-0.005151
2021-01-25,DIS,26403,171.89,7833745.0,-0.005151
2021-01-25,DIS,26403,171.89,7833745.0,-0.005151
2021-01-25,DIS,26403,171.89,7833745.0,-0.005151
2021-01-26,DIS,26403,169.56,7523199.0,-0.013555
2021-01-26,DIS,26403,169.56,7523199.0,-0.013555
2021-01-26,DIS,26403,169.56,7523199.0,-0.013555
2021-01-26,DIS,26403,169.56,7523199.0,-0.013555
2021-01-26,DIS,26403,169.56,7523199.0,-0.013555
2021-01-26,DIS,26403,169.56,7523199.0,-0.013555
2021-01-26,DIS,26403,169.56,7523199.0,-0.013555
2021-01-26,DIS,26403,169.56,7523199.0,-0.013555
2021-01-26,DIS,26403,169.56,7523199.0,-0.013555
2021-01-27,DIS,26403,163.03,18239248.0,-0.038511
2021-01-27,DIS,26403,163.03,18239248.0,-0.038511
2021-01-27,DIS,26403,163.03,18239248.0,-0.038511
2021-01-27,DIS,26403,163.03,18239248.0,-0.038511
2021-01-27,DIS,26403,163.03,18239248.0,-0.038511
2021-01-27,DIS,26403,163.03,18239248.0,-0.038511
2021-01-27,DIS,26403,163.03,18239248.0,-0.038511
2021-01-27,DIS,26403,163.03,18239248.0,-0.038511
2021-01-27,DIS,26403,163.03,18239248.0,-0.038511
2021-01-28,DIS,26403,171.88,14449099.0,0.054285
2021-01-28,DIS,26403,171.88,14449099.0,0.054285
2021-01-28,DIS,26403,171.88,14449099.0,0.054285
2021-01-28,DIS,26403,171.88,14449099.0,0.054285
2021-01-28,DIS,26403,171.88,14449099.0,0.054285
2021-01-28,DIS,26403,171.88,14449099.0,0.054285
2021-01-28,DIS,26403,171.88,14449099.0,0.054285
2021-01-28,DIS,26403,171.88,14449099.0,0.054285
2021-01-28,DIS,26403,171.88,14449099.0,0.054285
2021-01-29,DIS,26403,168.17,12848825.0,-0.021585
2021-01-29,DIS,26403,168.17,12848825.0,-0.021585
2021-01-29,DIS,26403,168.17,12848825.0,-0.021585
2021-01-29,DIS,26403,168.17,12848825.0,-0.021585
2021-01-29,DIS,26403,168.17,12848825.0,-0.021585
2021-01-29,DIS,26403,168.17,12848825.0,-0.021585
2021-01-29,DIS,26403,168.17,12848825.0,-0.021585
2021-01-29,DIS,26403,168.17,12848825.0,-0.021585
2021-01-29,DIS,26403,168.17,12848825.0,-0.021585
2021-02-01,DIS,26403,170.97,8140399.0,0.01665
2021-02-01,DIS,26403,170.97,8140399.0,0.01665
2021-02-01,DIS,26403,170.97,8140399.0,0.01665
2021-02-01,DIS,26403,170.97,8140399.0,0.01665
2021-02-01,DIS,26403,170.97,8140399.0,0.01665
2021-02-01,DIS,26403,170.97,8140399.0,0.01665
2021-02-01,DIS,26403,170.97,8140399.0,0.01665
2021-02-01,DIS,26403,170.97,8140399.0,0.01665
2021-02-01,DIS,26403,170.97,8140399.0,0.01665
2021-02-02,DIS,26403,176.96001,12215224.0,0.035035
2021-02-02,DIS,26403,176.96001,12215224.0,0.035035
2021-02-02,DIS,26403,176.96001,12215224.0,0.035035
2021-02-02,DIS,26403,176.96001,12215224.0,0.035035
2021-02-02,DIS,26403,176.96001,12215224.0,0.035035
2021-02-02,DIS,26403,176.96001,12215224.0,0.035035
2021-02-02,DIS,26403,176.96001,12215224.0,0.035035
2021-02-02,DIS,26403,176.96001,12215224.0,0.035035
2021-02-02,DIS,26403,176.96001,12215224.0,0.035035
2021-02-03,DIS,26403,176.42999,5508576.0,-0.002995
2021-02-03,DIS,26403,176.42999,5508576.0,-0.002995
2021-02-03,DIS,26403,176.42999,5508576.0,-0.002995
2021-02-03,DIS,26403,176.42999,5508576.0,-0.002995
2021-02-03,DIS,26403,176.42999,5508576.0,-0.002995
2021-02-03,DIS,26403,176.42999,5508576.0,-0.002995
2021-02-03,DIS,26403,176.42999,5508576.0,-0.002995
2021-02-03,DIS,26403,176.42999,5508576.0,-0.002995
2021-02-03,DIS,26403,176.42999,5508576.0,-0.002995
2021-02-04,DIS,26403,180.23,9035407.0,0.021538
2021-02-04,DIS,26403,180.23,9035407.0,0.021538
2021-02-04,DIS,26403,180.23,9035407.0,0.021538
2021-02-04,DIS,26403,180.23,9035407.0,0.021538
2021-02-04,DIS,26403,180.23,9035407.0,0.021538
2021-02-04,DIS,26403,180.23,9035407.0,0.021538
2021-02-04,DIS,26403,180.23,9035407.0,0.021538
2021-02-04,DIS,26403,180.23,9035407.0,0.021538
2021-02-04,DIS,26403,180.23,9035407.0,0.021538
2021-02-05,DIS,26403,181.16,6640514.0,0.00516
2021-02-05,DIS,26403,181.16,6640514.0,0.00516
2021-02-05,DIS,26403,181.16,6640514.0,0.00516
2021-02-05,DIS,26403,181.16,6640514.0,0.00516
2021-02-05,DIS,26403,181.16,6640514.0,0.00516
2021-02-05,DIS,26403,181.16,6640514.0,0.00516
2021-02-05,DIS,26403,181.16,6640514.0,0.00516
2021-02-05,DIS,26403,181.16,6640514.0,0.00516
2021-02-05,DIS,26403,181.16,6640514.0,0.00516
2021-02-08,DIS,26403,190.0,16085695.0,0.048797
2021-02-08,DIS,26403,190.0,16085695.0,0.048797
2021-02-08,DIS,26403,190.0,16085695.0,0.048797
2021-02-08,DIS,26403,190.0,16085695.0,0.048797
2021-02-08,DIS,26403,190.0,16085695.0,0.048797
2021-02-08,DIS,26403,190.0,16085695.0,0.048797
2021-02-08,DIS,26403,190.0,16085695.0,0.048797
2021-02-08,DIS,26403,190.0,16085695.0,0.048797
2021-02-08,DIS,26403,190.0,16085695.0,0.048797
2021-02-09,DIS,26403,188.21001,11270808.0,-0.009421
2021-02-09,DIS,26403,188.21001,11270808.0,-0.009421
2021-02-09,DIS,26403,188.21001,11270808.0,-0.009421
2021-02-09,DIS,26403,188.21001,11270808.0,-0.009421
2021-02-09,DIS,26403,188.21001,11270808.0,-0.009421
2021-02-09,DIS,26403,188.21001,11270808.0,-0.009421
2021-02-09,DIS,26403,188.21001,11270808.0,-0.009421
2021-02-09,DIS,26403,188.21001,11270808.0,-0.009421
2021-02-09,DIS,26403,188.21001,11270808.0,-0.009421
2021-02-10,DIS,26403,189.63,11464643.0,0.007545
2021-02-10,DIS,26403,189.63,11464643.0,0.007545
2021-02-10,DIS,26403,189.63,11464643.0,0.007545
2021-02-10,DIS,26403,189.63,11464643.0,0.007545
2021-02-10,DIS,26403,189.63,11464643.0,0.007545
2021-02-10,DIS,26403,189.63,11464643.0,0.007545
2021-02-10,DIS,26403,189.63,11464643.0,0.007545
2021-02-10,DIS,26403,189.63,11464643.0,0.007545
2021-02-10,DIS,26403,189.63,11464643.0,0.007545
2021-02-11,DIS,26403,190.91,17507890.0,0.00675
2021-02-11,DIS,26403,190.91,17507890.0,0.00675
2021-02-11,DIS,26403,190.91,17507890.0,0.00675
2021-02-11,DIS,26403,190.91,17507890.0,0.00675
2021-02-11,DIS,26403,190.91,17507890.0,0.00675
2021-02-11,DIS,26403,190.91,17507890.0,0.00675
2021-02-11,DIS,26403,190.91,17507890.0,0.00675
2021-02-11,DIS,26403,190.91,17507890.0,0.00675
2021-02-11,DIS,26403,190.91,17507890.0,0.00675
2021-02-12,DIS,26403,187.67,27233775.0,-0.016971
2021-02-12,DIS,26403,187.67,27233775.0,-0.016971
2021-02-12,DIS,26403,187.67,27233775.0,-0.016971
2021-02-12,DIS,26403,187.67,27233775.0,-0.016971
2021-02-12,DIS,26403,187.67,27233775.0,-0.016971
2021-02-12,DIS,26403,187.67,27233775.0,-0.016971
2021-02-12,DIS,26403,187.67,27233775.0,-0.016971
2021-02-12,DIS,26403,187.67,27233775.0,-0.016971
2021-02-12,DIS,26403,187.67,27233775.0,-0.016971
2021-02-16,DIS,26403,186.35001,11630734.0,-0.007034
2021-02-16,DIS,26403,186.35001,11630734.0,-0.007034
2021-02-16,DIS,26403,186.35001,11630734.0,-0.007034
2021-02-16,DIS,26403,186.35001,11630734.0,-0.007034
2021-02-16,DIS,26403,186.35001,11630734.0,-0.007034
2021-02-16,DIS,26403,186.35001,11630734.0,-0.007034
2021-02-16,DIS,26403,186.35001,11630734.0,-0.007034
2021-02-16,DIS,26403,186.35001,11630734.0,-0.007034
2021-02-16,DIS,26403,186.35001,11630734.0,-0.007034
2021-02-17,DIS,26403,186.44,11406366.0,0.000483
2021-02-17,DIS,26403,186.44,11406366.0,0.000483
2021-02-17,DIS,26403,186.44,11406366.0,0.000483
2021-02-17,DIS,26403,186.44,11406366.0,0.000483
2021-02-17,DIS,26403,186.44,11406366.0,0.000483
2021-02-17,DIS,26403,186.44,11406366.0,0.000483
2021-02-17,DIS,26403,186.44,11406366.0,0.000483
2021-02-17,DIS,26403,186.44,11406366.0,0.000483
2021-02-17,DIS,26403,186.44,11406366.0,0.000483
2021-02-18,DIS,26403,183.0,12390770.0,-0.018451
2021-02-18,DIS,26403,183.0,12390770.0,-0.018451
2021-02-18,DIS,26403,183.0,12390770.0,-0.018451
2021-02-18,DIS,26403,183.0,12390770.0,-0.018451
2021-02-18,DIS,26403,183.0,12390770.0,-0.018451
2021-02-18,DIS,26403,183.0,12390770.0,-0.018451
2021-02-18,DIS,26403,183.0,12390770.0,-0.018451
2021-02-18,DIS,26403,183.0,12390770.0,-0.018451
2021-02-18,DIS,26403,183.0,12390770.0,-0.018451
2021-02-19,DIS,26403,183.64999,8834497.0,0.003552
2021-02-19,DIS,26403,183.64999,8834497.0,0.003552
2021-02-19,DIS,26403,183.64999,8834497.0,0.003552
2021-02-19,DIS,26403,183.64999,8834497.0,0.003552
2021-02-19,DIS,26403,183.64999,8834497.0,0.003552
2021-02-19,DIS,26403,183.64999,8834497.0,0.003552
2021-02-19,DIS,26403,183.64999,8834497.0,0.003552
2021-02-19,DIS,26403,183.64999,8834497.0,0.003552
2021-02-19,DIS,26403,183.64999,8834497.0,0.003552
2021-02-22,DIS,26403,191.75999,18799609.0,0.04416
2021-02-22,DIS,26403,191.75999,18799609.0,0.04416
2021-02-22,DIS,26403,191.75999,18799609.0,0.04416
2021-02-22,DIS,26403,191.75999,18799609.0,0.04416
2021-02-22,DIS,26403,191.75999,18799609.0,0.04416
2021-02-22,DIS,26403,191.75999,18799609.0,0.04416
2021-02-22,DIS,26403,191.75999,18799609.0,0.04416
2021-02-22,DIS,26403,191.75999,18799609.0,0.04416
2021-02-22,DIS,26403,191.75999,18799609.0,0.04416
2021-02-23,DIS,26403,197.09,23191447.0,0.027795
2021-02-23,DIS,26403,197.09,23191447.0,0.027795
2021-02-23,DIS,26403,197.09,23191447.0,0.027795
2021-02-23,DIS,26403,197.09,23191447.0,0.027795
2021-02-23,DIS,26403,197.09,23191447.0,0.027795
2021-02-23,DIS,26403,197.09,23191447.0,0.027795
2021-02-23,DIS,26403,197.09,23191447.0,0.027795
2021-02-23,DIS,26403,197.09,23191447.0,0.027795
2021-02-23,DIS,26403,197.09,23191447.0,0.027795
2021-02-24,DIS,26403,197.50999,16205921.0,0.002131
2021-02-24,DIS,26403,197.50999,16205921.0,0.002131
2021-02-24,DIS,26403,197.50999,16205921.0,0.002131
2021-02-24,DIS,26403,197.50999,16205921.0,0.002131
2021-02-24,DIS,26403,197.50999,16205921.0,0.002131
2021-02-24,DIS,26403,197.50999,16205921.0,0.002131
2021-02-24,DIS,26403,197.50999,16205921.0,0.002131
2021-02-24,DIS,26403,197.50999,16205921.0,0.002131
2021-02-24,DIS,26403,197.50999,16205921.0,0.002131
2021-02-25,DIS,26403,190.98,12712043.0,-0.033062
2021-02-25,DIS,26403,190.98,12712043.0,-0.033062
2021-02-25,DIS,26403,190.98,12712043.0,-0.033062
2021-02-25,DIS,26403,190.98,12712043.0,-0.033062
2021-02-25,DIS,26403,190.98,12712043.0,-0.033062
2021-02-25,DIS,26403,190.98,12712043.0,-0.033062
2021-02-25,DIS,26403,190.98,12712043.0,-0.033062
2021-02-25,DIS,26403,190.98,12712043.0,-0.033062
2021-02-25,DIS,26403,190.98,12712043.0,-0.033062
2021-02-26,DIS,26403,189.03999,15843972.0,-0.010158
2021-02-26,DIS,26403,189.03999,15843972.0,-0.010158
2021-02-26,DIS,26403,189.03999,15843972.0,-0.010158
2021-02-26,DIS,26403,189.03999,15843972.0,-0.010158
2021-02-26,DIS,26403,189.03999,15843972.0,-0.010158
2021-02-26,DIS,26403,189.03999,15843972.0,-0.010158
2021-02-26,DIS,26403,189.03999,15843972.0,-0.010158
2021-02-26,DIS,26403,189.03999,15843972.0,-0.010158
2021-02-26,DIS,26403,189.03999,15843972.0,-0.010158
2021-03-01,DIS,26403,194.98,10709916.0,0.031422
2021-03-01,DIS,26403,194.98,10709916.0,0.031422
2021-03-01,DIS,26403,194.98,10709916.0,0.031422
2021-03-01,DIS,26403,194.98,10709916.0,0.031422
2021-03-01,DIS,26403,194.98,10709916.0,0.031422
2021-03-01,DIS,26403,194.98,10709916.0,0.031422
2021-03-01,DIS,26403,194.98,10709916.0,0.031422
2021-03-01,DIS,26403,194.98,10709916.0,0.031422
2021-03-01,DIS,26403,194.98,10709916.0,0.031422
2021-03-02,DIS,26403,193.94,8371357.0,-0.005334
2021-03-02,DIS,26403,193.94,8371357.0,-0.005334
2021-03-02,DIS,26403,193.94,8371357.0,-0.005334
2021-03-02,DIS,26403,193.94,8371357.0,-0.005334
2021-03-02,DIS,26403,193.94,8371357.0,-0.005334
2021-03-02,DIS,26403,193.94,8371357.0,-0.005334
2021-03-02,DIS,26403,193.94,8371357.0,-0.005334
2021-03-02,DIS,26403,193.94,8371357.0,-0.005334
2021-03-02,DIS,26403,193.94,8371357.0,-0.005334
2021-03-03,DIS,26403,192.25999,8750307.0,-0.008663
2021-03-03,DIS,26403,192.25999,8750307.0,-0.008663
2021-03-03,DIS,26403,192.25999,8750307.0,-0.008663
2021-03-03,DIS,26403,192.25999,8750307.0,-0.008663
2021-03-03,DIS,26403,192.25999,8750307.0,-0.008663
2021-03-03,DIS,26403,192.25999,8750307.0,-0.008663
2021-03-03,DIS,26403,192.25999,8750307.0,-0.008663
2021-03-03,DIS,26403,192.25999,8750307.0,-0.008663
2021-03-03,DIS,26403,192.25999,8750307.0,-0.008663
2021-03-04,DIS,26403,188.03,12542623.0,-0.022001
2021-03-04,DIS,26403,188.03,12542623.0,-0.022001
2021-03-04,DIS,26403,188.03,12542623.0,-0.022001
2021-03-04,DIS,26403,188.03,12542623.0,-0.022001
2021-03-04,DIS,26403,188.03,12542623.0,-0.022001
2021-03-04,DIS,26403,188.03,12542623.0,-0.022001
2021-03-04,DIS,26403,188.03,12542623.0,-0.022001
2021-03-04,DIS,26403,188.03,12542623.0,-0.022001
2021-03-04,DIS,26403,188.03,12542623.0,-0.022001
2021-03-05,DIS,26403,189.99001,10266391.0,0.010424
2021-03-05,DIS,26403,189.99001,10266391.0,0.010424
2021-03-05,DIS,26403,189.99001,10266391.0,0.010424
2021-03-05,DIS,26403,189.99001,10266391.0,0.010424
2021-03-05,DIS,26403,189.99001,10266391.0,0.010424
2021-03-05,DIS,26403,189.99001,10266391.0,0.010424
2021-03-05,DIS,26403,189.99001,10266391.0,0.010424
2021-03-05,DIS,26403,189.99001,10266391.0,0.010424
2021-03-05,DIS,26403,189.99001,10266391.0,0.010424
2021-03-08,DIS,26403,201.91,25093169.0,0.06274
2021-03-08,DIS,26403,201.91,25093169.0,0.06274
2021-03-08,DIS,26403,201.91,25093169.0,0.06274
2021-03-08,DIS,26403,201.91,25093169.0,0.06274
2021-03-08,DIS,26403,201.91,25093169.0,0.06274
2021-03-08,DIS,26403,201.91,25093169.0,0.06274
2021-03-08,DIS,26403,201.91,25093169.0,0.06274
2021-03-08,DIS,26403,201.91,25093169.0,0.06274
2021-03-08,DIS,26403,201.91,25093169.0,0.06274
2021-03-09,DIS,26403,194.50999,23331038.0,-0.03665
2021-03-09,DIS,26403,194.50999,23331038.0,-0.03665
2021-03-09,DIS,26403,194.50999,23331038.0,-0.03665
2021-03-09,DIS,26403,194.50999,23331038.0,-0.03665
2021-03-09,DIS,26403,194.50999,23331038.0,-0.03665
2021-03-09,DIS,26403,194.50999,23331038.0,-0.03665
2021-03-09,DIS,26403,194.50999,23331038.0,-0.03665
2021-03-09,DIS,26403,194.50999,23331038.0,-0.03665
2021-03-09,DIS,26403,194.50999,23331038.0,-0.03665
2021-03-10,DIS,26403,195.06,13662052.0,0.002828
2021-03-10,DIS,26403,195.06,13662052.0,0.002828
2021-03-10,DIS,26403,195.06,13662052.0,0.002828
2021-03-10,DIS,26403,195.06,13662052.0,0.002828
2021-03-10,DIS,26403,195.06,13662052.0,0.002828
2021-03-10,DIS,26403,195.06,13662052.0,0.002828
2021-03-10,DIS,26403,195.06,13662052.0,0.002828
2021-03-10,DIS,26403,195.06,13662052.0,0.002828
2021-03-10,DIS,26403,195.06,13662052.0,0.002828
2021-03-11,DIS,26403,196.75,11933924.0,0.008664
2021-03-11,DIS,26403,196.75,11933924.0,0.008664
2021-03-11,DIS,26403,196.75,11933924.0,0.008664
2021-03-11,DIS,26403,196.75,11933924.0,0.008664
2021-03-11,DIS,26403,196.75,11933924.0,0.008664
2021-03-11,DIS,26403,196.75,11933924.0,0.008664
2021-03-11,DIS,26403,196.75,11933924.0,0.008664
2021-03-11,DIS,26403,196.75,11933924.0,0.008664
2021-03-11,DIS,26403,196.75,11933924.0,0.008664
2021-03-12,DIS,26403,197.16,13249124.0,0.002084
2021-03-12,DIS,26403,197.16,13249124.0,0.002084
2021-03-12,DIS,26403,197.16,13249124.0,0.002084
2021-03-12,DIS,26403,197.16,13249124.0,0.002084
2021-03-12,DIS,26403,197.16,13249124.0,0.002084
2021-03-12,DIS,26403,197.16,13249124.0,0.002084
2021-03-12,DIS,26403,197.16,13249124.0,0.002084
2021-03-12,DIS,26403,197.16,13249124.0,0.002084
2021-03-12,DIS,26403,197.16,13249124.0,0.002084
2021-03-15,DIS,26403,196.75999,10319674.0,-0.002029
2021-03-15,DIS,26403,196.75999,10319674.0,-0.002029
2021-03-15,DIS,26403,196.75999,10319674.0,-0.002029
2021-03-15,DIS,26403,196.75999,10319674.0,-0.002029
2021-03-15,DIS,26403,196.75999,10319674.0,-0.002029
2021-03-15,DIS,26403,196.75999,10319674.0,-0.002029
2021-03-15,DIS,26403,196.75999,10319674.0,-0.002029
2021-03-15,DIS,26403,196.75999,10319674.0,-0.002029
2021-03-15,DIS,26403,196.75999,10319674.0,-0.002029
2021-03-16,DIS,26403,194.24001,9680745.0,-0.012807
2021-03-16,DIS,26403,194.24001,9680745.0,-0.012807
2021-03-16,DIS,26403,194.24001,9680745.0,-0.012807
2021-03-16,DIS,26403,194.24001,9680745.0,-0.012807
2021-03-16,DIS,26403,194.24001,9680745.0,-0.012807
2021-03-16,DIS,26403,194.24001,9680745.0,-0.012807
2021-03-16,DIS,26403,194.24001,9680745.0,-0.012807
2021-03-16,DIS,26403,194.24001,9680745.0,-0.012807
2021-03-16,DIS,26403,194.24001,9680745.0,-0.012807
2021-03-17,DIS,26403,195.24001,14418682.0,0.005148
2021-03-17,DIS,26403,195.24001,14418682.0,0.005148
2021-03-17,DIS,26403,195.24001,14418682.0,0.005148
2021-03-17,DIS,26403,195.24001,14418682.0,0.005148
2021-03-17,DIS,26403,195.24001,14418682.0,0.005148
2021-03-17,DIS,26403,195.24001,14418682.0,0.005148
2021-03-17,DIS,26403,195.24001,14418682.0,0.005148
2021-03-17,DIS,26403,195.24001,14418682.0,0.005148
2021-03-17,DIS,26403,195.24001,14418682.0,0.005148
2021-03-18,DIS,26403,192.28,9644461.0,-0.015161
2021-03-18,DIS,26403,192.28,9644461.0,-0.015161
2021-03-18,DIS,26403,192.28,9644461.0,-0.015161
2021-03-18,DIS,26403,192.28,9644461.0,-0.015161
2021-03-18,DIS,26403,192.28,9644461.0,-0.015161
2021-03-18,DIS,26403,192.28,9644461.0,-0.015161
2021-03-18,DIS,26403,192.28,9644461.0,-0.015161
2021-03-18,DIS,26403,192.28,9644461.0,-0.015161
2021-03-18,DIS,26403,192.28,9644461.0,-0.015161
2021-03-19,DIS,26403,191.14,28354576.0,-0.005929
2021-03-19,DIS,26403,191.14,28354576.0,-0.005929
2021-03-19,DIS,26403,191.14,28354576.0,-0.005929
2021-03-19,DIS,26403,191.14,28354576.0,-0.005929
2021-03-19,DIS,26403,191.14,28354576.0,-0.005929
2021-03-19,DIS,26403,191.14,28354576.0,-0.005929
2021-03-19,DIS,26403,191.14,28354576.0,-0.005929
2021-03-19,DIS,26403,191.14,28354576.0,-0.005929
2021-03-19,DIS,26403,191.14,28354576.0,-0.005929
2021-03-22,DIS,26403,192.86,8838532.0,0.008999
2021-03-22,DIS,26403,192.86,8838532.0,0.008999
2021-03-22,DIS,26403,192.86,8838532.0,0.008999
2021-03-22,DIS,26403,192.86,8838532.0,0.008999
2021-03-22,DIS,26403,192.86,8838532.0,0.008999
2021-03-22,DIS,26403,192.86,8838532.0,0.008999
2021-03-22,DIS,26403,192.86,8838532.0,0.008999
2021-03-22,DIS,26403,192.86,8838532.0,0.008999
2021-03-22,DIS,26403,192.86,8838532.0,0.008999
2021-03-23,DIS,26403,188.73,10701244.0,-0.021415
2021-03-23,DIS,26403,188.73,10701244.0,-0.021415
2021-03-23,DIS,26403,188.73,10701244.0,-0.021415
2021-03-23,DIS,26403,188.73,10701244.0,-0.021415
2021-03-23,DIS,26403,188.73,10701244.0,-0.021415
2021-03-23,DIS,26403,188.73,10701244.0,-0.021415
2021-03-23,DIS,26403,188.73,10701244.0,-0.021415
2021-03-23,DIS,26403,188.73,10701244.0,-0.021415
2021-03-23,DIS,26403,188.73,10701244.0,-0.021415
2021-03-24,DIS,26403,184.72,13549134.0,-0.021247
2021-03-24,DIS,26403,184.72,13549134.0,-0.021247
2021-03-24,DIS,26403,184.72,13549134.0,-0.021247
2021-03-24,DIS,26403,184.72,13549134.0,-0.021247
2021-03-24,DIS,26403,184.72,13549134.0,-0.021247
2021-03-24,DIS,26403,184.72,13549134.0,-0.021247
2021-03-24,DIS,26403,184.72,13549134.0,-0.021247
2021-03-24,DIS,26403,184.72,13549134.0,-0.021247
2021-03-24,DIS,26403,184.72,13549134.0,-0.021247
2021-03-25,DIS,26403,186.91,9609238.0,0.011856
2021-03-25,DIS,26403,186.91,9609238.0,0.011856
2021-03-25,DIS,26403,186.91,9609238.0,0.011856
2021-03-25,DIS,26403,186.91,9609238.0,0.011856
2021-03-25,DIS,26403,186.91,9609238.0,0.011856
2021-03-25,DIS,26403,186.91,9609238.0,0.011856
2021-03-25,DIS,26403,186.91,9609238.0,0.011856
2021-03-25,DIS,26403,186.91,9609238.0,0.011856
2021-03-25,DIS,26403,186.91,9609238.0,0.011856
2021-03-26,DIS,26403,185.92,10196132.0,-0.005297
2021-03-26,DIS,26403,185.92,10196132.0,-0.005297
2021-03-26,DIS,26403,185.92,10196132.0,-0.005297
2021-03-26,DIS,26403,185.92,10196132.0,-0.005297
2021-03-26,DIS,26403,185.92,10196132.0,-0.005297
2021-03-26,DIS,26403,185.92,10196132.0,-0.005297
2021-03-26,DIS,26403,185.92,10196132.0,-0.005297
2021-03-26,DIS,26403,185.92,10196132.0,-0.005297
2021-03-26,DIS,26403,185.92,10196132.0,-0.005297
2021-03-29,DIS,26403,184.85001,7544714.0,-0.005755
2021-03-29,DIS,26403,184.85001,7544714.0,-0.005755
2021-03-29,DIS,26403,184.85001,7544714.0,-0.005755
2021-03-29,DIS,26403,184.85001,7544714.0,-0.005755
2021-03-29,DIS,26403,184.85001,7544714.0,-0.005755
2021-03-29,DIS,26403,184.85001,7544714.0,-0.005755
2021-03-29,DIS,26403,184.85001,7544714.0,-0.005755
2021-03-29,DIS,26403,184.85001,7544714.0,-0.005755
2021-03-29,DIS,26403,184.85001,7544714.0,-0.005755
2021-03-30,DIS,26403,185.53,5929698.0,0.003679
2021-03-30,DIS,26403,185.53,5929698.0,0.003679
2021-03-30,DIS,26403,185.53,5929698.0,0.003679
2021-03-30,DIS,26403,185.53,5929698.0,0.003679
2021-03-30,DIS,26403,185.53,5929698.0,0.003679
2021-03-30,DIS,26403,185.53,5929698.0,0.003679
2021-03-30,DIS,26403,185.53,5929698.0,0.003679
2021-03-30,DIS,26403,185.53,5929698.0,0.003679
2021-03-30,DIS,26403,185.53,5929698.0,0.003679
2021-03-31,DIS,26403,184.52,8478002.0,-0.005444
2021-03-31,DIS,26403,184.52,8478002.0,-0.005444
2021-03-31,DIS,26403,184.52,8478002.0,-0.005444
2021-03-31,DIS,26403,184.52,8478002.0,-0.005444
2021-03-31,DIS,26403,184.52,8478002.0,-0.005444
2021-03-31,DIS,26403,184.52,8478002.0,-0.005444
2021-03-31,DIS,26403,184.52,8478002.0,-0.005444
2021-03-31,DIS,26403,184.52,8478002.0,-0.005444
2021-03-31,DIS,26403,184.52,8478002.0,-0.005444
2021-04-01,DIS,26403,188.97,7749378.0,0.024117
2021-04-01,DIS,26403,188.97,7749378.0,0.024117
2021-04-01,DIS,26403,188.97,7749378.0,0.024117
2021-04-01,DIS,26403,188.97,7749378.0,0.024117
2021-04-01,DIS,26403,188.97,7749378.0,0.024117
2021-04-01,DIS,26403,188.97,7749378.0,0.024117
2021-04-01,DIS,26403,188.97,7749378.0,0.024117
2021-04-01,DIS,26403,188.97,7749378.0,0.024117
2021-04-01,DIS,26403,188.97,7749378.0,0.024117
2021-04-05,DIS,26403,188.5,7405334.0,-0.002487
2021-04-05,DIS,26403,188.5,7405334.0,-0.002487
2021-04-05,DIS,26403,188.5,7405334.0,-0.002487
2021-04-05,DIS,26403,188.5,7405334.0,-0.002487
2021-04-05,DIS,26403,188.5,7405334.0,-0.002487
2021-04-05,DIS,26403,188.5,7405334.0,-0.002487
2021-04-05,DIS,26403,188.5,7405334.0,-0.002487
2021-04-05,DIS,26403,188.5,7405334.0,-0.002487
2021-04-05,DIS,26403,188.5,7405334.0,-0.002487
2021-04-06,DIS,26403,189.73,7926185.0,0.006525
2021-04-06,DIS,26403,189.73,7926185.0,0.006525
2021-04-06,DIS,26403,189.73,7926185.0,0.006525
2021-04-06,DIS,26403,189.73,7926185.0,0.006525
2021-04-06,DIS,26403,189.73,7926185.0,0.006525
2021-04-06,DIS,26403,189.73,7926185.0,0.006525
2021-04-06,DIS,26403,189.73,7926185.0,0.006525
2021-04-06,DIS,26403,189.73,7926185.0,0.006525
2021-04-06,DIS,26403,189.73,7926185.0,0.006525
2021-04-07,DIS,26403,187.56,6238712.0,-0.011437
2021-04-07,DIS,26403,187.56,6238712.0,-0.011437
2021-04-07,DIS,26403,187.56,6238712.0,-0.011437
2021-04-07,DIS,26403,187.56,6238712.0,-0.011437
2021-04-07,DIS,26403,187.56,6238712.0,-0.011437
2021-04-07,DIS,26403,187.56,6238712.0,-0.011437
2021-04-07,DIS,26403,187.56,6238712.0,-0.011437
2021-04-07,DIS,26403,187.56,6238712.0,-0.011437
2021-04-07,DIS,26403,187.56,6238712.0,-0.011437
2021-04-08,DIS,26403,187.32001,7762950.0,-0.00128
2021-04-08,DIS,26403,187.32001,7762950.0,-0.00128
2021-04-08,DIS,26403,187.32001,7762950.0,-0.00128
2021-04-08,DIS,26403,187.32001,7762950.0,-0.00128
2021-04-08,DIS,26403,187.32001,7762950.0,-0.00128
2021-04-08,DIS,26403,187.32001,7762950.0,-0.00128
2021-04-08,DIS,26403,187.32001,7762950.0,-0.00128
2021-04-08,DIS,26403,187.32001,7762950.0,-0.00128
2021-04-08,DIS,26403,187.32001,7762950.0,-0.00128
2021-04-09,DIS,26403,187.89,6089323.0,0.003043
2021-04-09,DIS,26403,187.89,6089323.0,0.003043
2021-04-09,DIS,26403,187.89,6089323.0,0.003043
2021-04-09,DIS,26403,187.89,6089323.0,0.003043
2021-04-09,DIS,26403,187.89,6089323.0,0.003043
2021-04-09,DIS,26403,187.89,6089323.0,0.003043
2021-04-09,DIS,26403,187.89,6089323.0,0.003043
2021-04-09,DIS,26403,187.89,6089323.0,0.003043
2021-04-09,DIS,26403,187.89,6089323.0,0.003043
2021-04-12,DIS,26403,186.49001,6662530.0,-0.007451
2021-04-12,DIS,26403,186.49001,6662530.0,-0.007451
2021-04-12,DIS,26403,186.49001,6662530.0,-0.007451
2021-04-12,DIS,26403,186.49001,6662530.0,-0.007451
2021-04-12,DIS,26403,186.49001,6662530.0,-0.007451
2021-04-12,DIS,26403,186.49001,6662530.0,-0.007451
2021-04-12,DIS,26403,186.49001,6662530.0,-0.007451
2021-04-12,DIS,26403,186.49001,6662530.0,-0.007451
2021-04-12,DIS,26403,186.49001,6662530.0,-0.007451
2021-04-13,DIS,26403,185.49001,6826463.0,-0.005362
2021-04-13,DIS,26403,185.49001,6826463.0,-0.005362
2021-04-13,DIS,26403,185.49001,6826463.0,-0.005362
2021-04-13,DIS,26403,185.49001,6826463.0,-0.005362
2021-04-13,DIS,26403,185.49001,6826463.0,-0.005362
2021-04-13,DIS,26403,185.49001,6826463.0,-0.005362
2021-04-13,DIS,26403,185.49001,6826463.0,-0.005362
2021-04-13,DIS,26403,185.49001,6826463.0,-0.005362
2021-04-13,DIS,26403,185.49001,6826463.0,-0.005362
2021-04-14,DIS,26403,187.46001,9089939.0,0.010621
2021-04-14,DIS,26403,187.46001,9089939.0,0.010621
2021-04-14,DIS,26403,187.46001,9089939.0,0.010621
2021-04-14,DIS,26403,187.46001,9089939.0,0.010621
2021-04-14,DIS,26403,187.46001,9089939.0,0.010621
2021-04-14,DIS,26403,187.46001,9089939.0,0.010621
2021-04-14,DIS,26403,187.46001,9089939.0,0.010621
2021-04-14,DIS,26403,187.46001,9089939.0,0.010621
2021-04-14,DIS,26403,187.46001,9089939.0,0.010621
2021-04-15,DIS,26403,185.92999,7262535.0,-0.008162
2021-04-15,DIS,26403,185.92999,7262535.0,-0.008162
2021-04-15,DIS,26403,185.92999,7262535.0,-0.008162
2021-04-15,DIS,26403,185.92999,7262535.0,-0.008162
2021-04-15,DIS,26403,185.92999,7262535.0,-0.008162
2021-04-15,DIS,26403,185.92999,7262535.0,-0.008162
2021-04-15,DIS,26403,185.92999,7262535.0,-0.008162
2021-04-15,DIS,26403,185.92999,7262535.0,-0.008162
2021-04-15,DIS,26403,185.92999,7262535.0,-0.008162
2021-04-16,DIS,26403,187.25999,9453501.0,0.007153
2021-04-16,DIS,26403,187.25999,9453501.0,0.007153
2021-04-16,DIS,26403,187.25999,9453501.0,0.007153
2021-04-16,DIS,26403,187.25999,9453501.0,0.007153
2021-04-16,DIS,26403,187.25999,9453501.0,0.007153
2021-04-16,DIS,26403,187.25999,9453501.0,0.007153
2021-04-16,DIS,26403,187.25999,9453501.0,0.007153
2021-04-16,DIS,26403,187.25999,9453501.0,0.007153
2021-04-16,DIS,26403,187.25999,9453501.0,0.007153
2021-04-19,DIS,26403,187.42999,7625755.0,0.000908
2021-04-19,DIS,26403,187.42999,7625755.0,0.000908
2021-04-19,DIS,26403,187.42999,7625755.0,0.000908
2021-04-19,DIS,26403,187.42999,7625755.0,0.000908
2021-04-19,DIS,26403,187.42999,7625755.0,0.000908
2021-04-19,DIS,26403,187.42999,7625755.0,0.000908
2021-04-19,DIS,26403,187.42999,7625755.0,0.000908
2021-04-19,DIS,26403,187.42999,7625755.0,0.000908
2021-04-19,DIS,26403,187.42999,7625755.0,0.000908
2021-04-20,DIS,26403,182.78999,10765798.0,-0.024756
2021-04-20,DIS,26403,182.78999,10765798.0,-0.024756
2021-04-20,DIS,26403,182.78999,10765798.0,-0.024756
2021-04-20,DIS,26403,182.78999,10765798.0,-0.024756
2021-04-20,DIS,26403,182.78999,10765798.0,-0.024756
2021-04-20,DIS,26403,182.78999,10765798.0,-0.024756
2021-04-20,DIS,26403,182.78999,10765798.0,-0.024756
2021-04-20,DIS,26403,182.78999,10765798.0,-0.024756
2021-04-20,DIS,26403,182.78999,10765798.0,-0.024756
2021-04-21,DIS,26403,183.11,8400197.0,0.001751
2021-04-21,DIS,26403,183.11,8400197.0,0.001751
2021-04-21,DIS,26403,183.11,8400197.0,0.001751
2021-04-21,DIS,26403,183.11,8400197.0,0.001751
2021-04-21,DIS,26403,183.11,8400197.0,0.001751
2021-04-21,DIS,26403,183.11,8400197.0,0.001751
2021-04-21,DIS,26403,183.11,8400197.0,0.001751
2021-04-21,DIS,26403,183.11,8400197.0,0.001751
2021-04-21,DIS,26403,183.11,8400197.0,0.001751
2021-04-22,DIS,26403,182.75999,7378274.0,-0.001911
2021-04-22,DIS,26403,182.75999,7378274.0,-0.001911
2021-04-22,DIS,26403,182.75999,7378274.0,-0.001911
2021-04-22,DIS,26403,182.75999,7378274.0,-0.001911
2021-04-22,DIS,26403,182.75999,7378274.0,-0.001911
2021-04-22,DIS,26403,182.75999,7378274.0,-0.001911
2021-04-22,DIS,26403,182.75999,7378274.0,-0.001911
2021-04-22,DIS,26403,182.75999,7378274.0,-0.001911
2021-04-22,DIS,26403,182.75999,7378274.0,-0.001911
2021-04-23,DIS,26403,183.02,6078995.0,0.001423
2021-04-23,DIS,26403,183.02,6078995.0,0.001423
2021-04-23,DIS,26403,183.02,6078995.0,0.001423
2021-04-23,DIS,26403,183.02,6078995.0,0.001423
2021-04-23,DIS,26403,183.02,6078995.0,0.001423
2021-04-23,DIS,26403,183.02,6078995.0,0.001423
2021-04-23,DIS,26403,183.02,6078995.0,0.001423
2021-04-23,DIS,26403,183.02,6078995.0,0.001423
2021-04-23,DIS,26403,183.02,6078995.0,0.001423
2021-04-26,DIS,26403,184.27,6178311.0,0.00683
2021-04-26,DIS,26403,184.27,6178311.0,0.00683
2021-04-26,DIS,26403,184.27,6178311.0,0.00683
2021-04-26,DIS,26403,184.27,6178311.0,0.00683
2021-04-26,DIS,26403,184.27,6178311.0,0.00683
2021-04-26,DIS,26403,184.27,6178311.0,0.00683
2021-04-26,DIS,26403,184.27,6178311.0,0.00683
2021-04-26,DIS,26403,184.27,6178311.0,0.00683
2021-04-26,DIS,26403,184.27,6178311.0,0.00683
2021-04-27,DIS,26403,184.64,4869989.0,0.002008
2021-04-27,DIS,26403,184.64,4869989.0,0.002008
2021-04-27,DIS,26403,184.64,4869989.0,0.002008
2021-04-27,DIS,26403,184.64,4869989.0,0.002008
2021-04-27,DIS,26403,184.64,4869989.0,0.002008
2021-04-27,DIS,26403,184.64,4869989.0,0.002008
2021-04-27,DIS,26403,184.64,4869989.0,0.002008
2021-04-27,DIS,26403,184.64,4869989.0,0.002008
2021-04-27,DIS,26403,184.64,4869989.0,0.002008
2021-04-28,DIS,26403,183.39,5199290.0,-0.00677
2021-04-28,DIS,26403,183.39,5199290.0,-0.00677
2021-04-28,DIS,26403,183.39,5199290.0,-0.00677
2021-04-28,DIS,26403,183.39,5199290.0,-0.00677
2021-04-28,DIS,26403,183.39,5199290.0,-0.00677
2021-04-28,DIS,26403,183.39,5199290.0,-0.00677
2021-04-28,DIS,26403,183.39,5199290.0,-0.00677
2021-04-28,DIS,26403,183.39,5199290.0,-0.00677
2021-04-28,DIS,26403,183.39,5199290.0,-0.00677
2021-04-29,DIS,26403,185.33,5958302.0,0.010579
2021-04-29,DIS,26403,185.33,5958302.0,0.010579
2021-04-29,DIS,26403,185.33,5958302.0,0.010579
2021-04-29,DIS,26403,185.33,5958302.0,0.010579
2021-04-29,DIS,26403,185.33,5958302.0,0.010579
2021-04-29,DIS,26403,185.33,5958302.0,0.010579
2021-04-29,DIS,26403,185.33,5958302.0,0.010579
2021-04-29,DIS,26403,185.33,5958302.0,0.010579
2021-04-29,DIS,26403,185.33,5958302.0,0.010579
2021-04-30,DIS,26403,186.02,7866277.0,0.003723
2021-04-30,DIS,26403,186.02,7866277.0,0.003723
2021-04-30,DIS,26403,186.02,7866277.0,0.003723
2021-04-30,DIS,26403,186.02,7866277.0,0.003723
2021-04-30,DIS,26403,186.02,7866277.0,0.003723
2021-04-30,DIS,26403,186.02,7866277.0,0.003723
2021-04-30,DIS,26403,186.02,7866277.0,0.003723
2021-04-30,DIS,26403,186.02,7866277.0,0.003723
2021-04-30,DIS,26403,186.02,7866277.0,0.003723
2021-05-03,DIS,26403,185.50999,7542779.0,-0.002742
2021-05-03,DIS,26403,185.50999,7542779.0,-0.002742
2021-05-03,DIS,26403,185.50999,7542779.0,-0.002742
2021-05-03,DIS,26403,185.50999,7542779.0,-0.002742
2021-05-03,DIS,26403,185.50999,7542779.0,-0.002742
2021-05-03,DIS,26403,185.50999,7542779.0,-0.002742
2021-05-03,DIS,26403,185.50999,7542779.0,-0.002742
2021-05-03,DIS,26403,185.50999,7542779.0,-0.002742
2021-05-03,DIS,26403,185.50999,7542779.0,-0.002742
2021-05-04,DIS,26403,184.25,7069321.0,-0.006792
2021-05-04,DIS,26403,184.25,7069321.0,-0.006792
2021-05-04,DIS,26403,184.25,7069321.0,-0.006792
2021-05-04,DIS,26403,184.25,7069321.0,-0.006792
2021-05-04,DIS,26403,184.25,7069321.0,-0.006792
2021-05-04,DIS,26403,184.25,7069321.0,-0.006792
2021-05-04,DIS,26403,184.25,7069321.0,-0.006792
2021-05-04,DIS,26403,184.25,7069321.0,-0.006792
2021-05-04,DIS,26403,184.25,7069321.0,-0.006792
2021-05-05,DIS,26403,181.50999,5901687.0,-0.014871
2021-05-05,DIS,26403,181.50999,5901687.0,-0.014871
2021-05-05,DIS,26403,181.50999,5901687.0,-0.014871
2021-05-05,DIS,26403,181.50999,5901687.0,-0.014871
2021-05-05,DIS,26403,181.50999,5901687.0,-0.014871
2021-05-05,DIS,26403,181.50999,5901687.0,-0.014871
2021-05-05,DIS,26403,181.50999,5901687.0,-0.014871
2021-05-05,DIS,26403,181.50999,5901687.0,-0.014871
2021-05-05,DIS,26403,181.50999,5901687.0,-0.014871
2021-05-06,DIS,26403,181.78999,6944863.0,0.001543
2021-05-06,DIS,26403,181.78999,6944863.0,0.001543
2021-05-06,DIS,26403,181.78999,6944863.0,0.001543
2021-05-06,DIS,26403,181.78999,6944863.0,0.001543
2021-05-06,DIS,26403,181.78999,6944863.0,0.001543
2021-05-06,DIS,26403,181.78999,6944863.0,0.001543
2021-05-06,DIS,26403,181.78999,6944863.0,0.001543
2021-05-06,DIS,26403,181.78999,6944863.0,0.001543
2021-05-06,DIS,26403,181.78999,6944863.0,0.001543
2021-05-07,DIS,26403,184.84,6888401.0,0.016778
2021-05-07,DIS,26403,184.84,6888401.0,0.016778
2021-05-07,DIS,26403,184.84,6888401.0,0.016778
2021-05-07,DIS,26403,184.84,6888401.0,0.016778
2021-05-07,DIS,26403,184.84,6888401.0,0.016778
2021-05-07,DIS,26403,184.84,6888401.0,0.016778
2021-05-07,DIS,26403,184.84,6888401.0,0.016778
2021-05-07,DIS,26403,184.84,6888401.0,0.016778
2021-05-07,DIS,26403,184.84,6888401.0,0.016778
2021-05-10,DIS,26403,184.3,8260306.0,-0.002921
2021-05-10,DIS,26403,184.3,8260306.0,-0.002921
2021-05-10,DIS,26403,184.3,8260306.0,-0.002921
2021-05-10,DIS,26403,184.3,8260306.0,-0.002921
2021-05-10,DIS,26403,184.3,8260306.0,-0.002921
2021-05-10,DIS,26403,184.3,8260306.0,-0.002921
2021-05-10,DIS,26403,184.3,8260306.0,-0.002921
2021-05-10,DIS,26403,184.3,8260306.0,-0.002921
2021-05-10,DIS,26403,184.3,8260306.0,-0.002921
2021-05-11,DIS,26403,181.67,10865550.0,-0.01427
2021-05-11,DIS,26403,181.67,10865550.0,-0.01427
2021-05-11,DIS,26403,181.67,10865550.0,-0.01427
2021-05-11,DIS,26403,181.67,10865550.0,-0.01427
2021-05-11,DIS,26403,181.67,10865550.0,-0.01427
2021-05-11,DIS,26403,181.67,10865550.0,-0.01427
2021-05-11,DIS,26403,181.67,10865550.0,-0.01427
2021-05-11,DIS,26403,181.67,10865550.0,-0.01427
2021-05-11,DIS,26403,181.67,10865550.0,-0.01427
2021-05-12,DIS,26403,177.85001,8988117.0,-0.021027
2021-05-12,DIS,26403,177.85001,8988117.0,-0.021027
2021-05-12,DIS,26403,177.85001,8988117.0,-0.021027
2021-05-12,DIS,26403,177.85001,8988117.0,-0.021027
2021-05-12,DIS,26403,177.85001,8988117.0,-0.021027
2021-05-12,DIS,26403,177.85001,8988117.0,-0.021027
2021-05-12,DIS,26403,177.85001,8988117.0,-0.021027
2021-05-12,DIS,26403,177.85001,8988117.0,-0.021027
2021-05-12,DIS,26403,177.85001,8988117.0,-0.021027
2021-05-13,DIS,26403,178.34,12332217.0,0.002755
2021-05-13,DIS,26403,178.34,12332217.0,0.002755
2021-05-13,DIS,26403,178.34,12332217.0,0.002755
2021-05-13,DIS,26403,178.34,12332217.0,0.002755
2021-05-13,DIS,26403,178.34,12332217.0,0.002755
2021-05-13,DIS,26403,178.34,12332217.0,0.002755
2021-05-13,DIS,26403,178.34,12332217.0,0.002755
2021-05-13,DIS,26403,178.34,12332217.0,0.002755
2021-05-13,DIS,26403,178.34,12332217.0,0.002755
2021-05-14,DIS,26403,173.7,33149430.0,-0.026018
2021-05-14,DIS,26403,173.7,33149430.0,-0.026018
2021-05-14,DIS,26403,173.7,33149430.0,-0.026018
2021-05-14,DIS,26403,173.7,33149430.0,-0.026018
2021-05-14,DIS,26403,173.7,33149430.0,-0.026018
2021-05-14,DIS,26403,173.7,33149430.0,-0.026018
2021-05-14,DIS,26403,173.7,33149430.0,-0.026018
2021-05-14,DIS,26403,173.7,33149430.0,-0.026018
2021-05-14,DIS,26403,173.7,33149430.0,-0.026018
2021-05-17,DIS,26403,170.08,17771623.0,-0.020841
2021-05-17,DIS,26403,170.08,17771623.0,-0.020841
2021-05-17,DIS,26403,170.08,17771623.0,-0.020841
2021-05-17,DIS,26403,170.08,17771623.0,-0.020841
2021-05-17,DIS,26403,170.08,17771623.0,-0.020841
2021-05-17,DIS,26403,170.08,17771623.0,-0.020841
2021-05-17,DIS,26403,170.08,17771623.0,-0.020841
2021-05-17,DIS,26403,170.08,17771623.0,-0.020841
2021-05-17,DIS,26403,170.08,17771623.0,-0.020841
2021-05-18,DIS,26403,169.67999,10400960.0,-0.002352
2021-05-18,DIS,26403,169.67999,10400960.0,-0.002352
2021-05-18,DIS,26403,169.67999,10400960.0,-0.002352
2021-05-18,DIS,26403,169.67999,10400960.0,-0.002352
2021-05-18,DIS,26403,169.67999,10400960.0,-0.002352
2021-05-18,DIS,26403,169.67999,10400960.0,-0.002352
2021-05-18,DIS,26403,169.67999,10400960.0,-0.002352
2021-05-18,DIS,26403,169.67999,10400960.0,-0.002352
2021-05-18,DIS,26403,169.67999,10400960.0,-0.002352
2021-05-19,DIS,26403,169.27,9250998.0,-0.002416
2021-05-19,DIS,26403,169.27,9250998.0,-0.002416
2021-05-19,DIS,26403,169.27,9250998.0,-0.002416
2021-05-19,DIS,26403,169.27,9250998.0,-0.002416
2021-05-19,DIS,26403,169.27,9250998.0,-0.002416
2021-05-19,DIS,26403,169.27,9250998.0,-0.002416
2021-05-19,DIS,26403,169.27,9250998.0,-0.002416
2021-05-19,DIS,26403,169.27,9250998.0,-0.002416
2021-05-19,DIS,26403,169.27,9250998.0,-0.002416
2021-05-20,DIS,26403,171.36,7400700.0,0.012347
2021-05-20,DIS,26403,171.36,7400700.0,0.012347
2021-05-20,DIS,26403,171.36,7400700.0,0.012347
2021-05-20,DIS,26403,171.36,7400700.0,0.012347
2021-05-20,DIS,26403,171.36,7400700.0,0.012347
2021-05-20,DIS,26403,171.36,7400700.0,0.012347
2021-05-20,DIS,26403,171.36,7400700.0,0.012347
2021-05-20,DIS,26403,171.36,7400700.0,0.012347
2021-05-20,DIS,26403,171.36,7400700.0,0.012347
2021-05-21,DIS,26403,172.39999,8105719.0,0.006069
2021-05-21,DIS,26403,172.39999,8105719.0,0.006069
2021-05-21,DIS,26403,172.39999,8105719.0,0.006069
2021-05-21,DIS,26403,172.39999,8105719.0,0.006069
2021-05-21,DIS,26403,172.39999,8105719.0,0.006069
2021-05-21,DIS,26403,172.39999,8105719.0,0.006069
2021-05-21,DIS,26403,172.39999,8105719.0,0.006069
2021-05-21,DIS,26403,172.39999,8105719.0,0.006069
2021-05-21,DIS,26403,172.39999,8105719.0,0.006069
2021-05-24,DIS,26403,174.31,7346737.0,0.011079
2021-05-24,DIS,26403,174.31,7346737.0,0.011079
2021-05-24,DIS,26403,174.31,7346737.0,0.011079
2021-05-24,DIS,26403,174.31,7346737.0,0.011079
2021-05-24,DIS,26403,174.31,7346737.0,0.011079
2021-05-24,DIS,26403,174.31,7346737.0,0.011079
2021-05-24,DIS,26403,174.31,7346737.0,0.011079
2021-05-24,DIS,26403,174.31,7346737.0,0.011079
2021-05-24,DIS,26403,174.31,7346737.0,0.011079
2021-05-25,DIS,26403,176.17,8089738.0,0.010671
2021-05-25,DIS,26403,176.17,8089738.0,0.010671
2021-05-25,DIS,26403,176.17,8089738.0,0.010671
2021-05-25,DIS,26403,176.17,8089738.0,0.010671
2021-05-25,DIS,26403,176.17,8089738.0,0.010671
2021-05-25,DIS,26403,176.17,8089738.0,0.010671
2021-05-25,DIS,26403,176.17,8089738.0,0.010671
2021-05-25,DIS,26403,176.17,8089738.0,0.010671
2021-05-25,DIS,26403,176.17,8089738.0,0.010671
2021-05-26,DIS,26403,176.47,8086203.0,0.001703
2021-05-26,DIS,26403,176.47,8086203.0,0.001703
2021-05-26,DIS,26403,176.47,8086203.0,0.001703
2021-05-26,DIS,26403,176.47,8086203.0,0.001703
2021-05-26,DIS,26403,176.47,8086203.0,0.001703
2021-05-26,DIS,26403,176.47,8086203.0,0.001703
2021-05-26,DIS,26403,176.47,8086203.0,0.001703
2021-05-26,DIS,26403,176.47,8086203.0,0.001703
2021-05-26,DIS,26403,176.47,8086203.0,0.001703
2021-05-27,DIS,26403,179.03999,13567830.0,0.014563
2021-05-27,DIS,26403,179.03999,13567830.0,0.014563
2021-05-27,DIS,26403,179.03999,13567830.0,0.014563
2021-05-27,DIS,26403,179.03999,13567830.0,0.014563
2021-05-27,DIS,26403,179.03999,13567830.0,0.014563
2021-05-27,DIS,26403,179.03999,13567830.0,0.014563
2021-05-27,DIS,26403,179.03999,13567830.0,0.014563
2021-05-27,DIS,26403,179.03999,13567830.0,0.014563
2021-05-27,DIS,26403,179.03999,13567830.0,0.014563
2021-05-28,DIS,26403,178.64999,7130259.0,-0.002178
2021-05-28,DIS,26403,178.64999,7130259.0,-0.002178
2021-05-28,DIS,26403,178.64999,7130259.0,-0.002178
2021-05-28,DIS,26403,178.64999,7130259.0,-0.002178
2021-05-28,DIS,26403,178.64999,7130259.0,-0.002178
2021-05-28,DIS,26403,178.64999,7130259.0,-0.002178
2021-05-28,DIS,26403,178.64999,7130259.0,-0.002178
2021-05-28,DIS,26403,178.64999,7130259.0,-0.002178
2021-05-28,DIS,26403,178.64999,7130259.0,-0.002178
2021-06-01,DIS,26403,178.84,7475585.0,0.001064
2021-06-01,DIS,26403,178.84,7475585.0,0.001064
2021-06-01,DIS,26403,178.84,7475585.0,0.001064
2021-06-01,DIS,26403,178.84,7475585.0,0.001064
2021-06-01,DIS,26403,178.84,7475585.0,0.001064
2021-06-01,DIS,26403,178.84,7475585.0,0.001064
2021-06-01,DIS,26403,178.84,7475585.0,0.001064
2021-06-01,DIS,26403,178.84,7475585.0,0.001064
2021-06-01,DIS,26403,178.84,7475585.0,0.001064
2021-06-02,DIS,26403,177.0,7851747.0,-0.010289
2021-06-02,DIS,26403,177.0,7851747.0,-0.010289
2021-06-02,DIS,26403,177.0,7851747.0,-0.010289
2021-06-02,DIS,26403,177.0,7851747.0,-0.010289
2021-06-02,DIS,26403,177.0,7851747.0,-0.010289
2021-06-02,DIS,26403,177.0,7851747.0,-0.010289
2021-06-02,DIS,26403,177.0,7851747.0,-0.010289
2021-06-02,DIS,26403,177.0,7851747.0,-0.010289
2021-06-02,DIS,26403,177.0,7851747.0,-0.010289
2021-06-03,DIS,26403,176.24001,5583852.0,-0.004294
2021-06-03,DIS,26403,176.24001,5583852.0,-0.004294
2021-06-03,DIS,26403,176.24001,5583852.0,-0.004294
2021-06-03,DIS,26403,176.24001,5583852.0,-0.004294
2021-06-03,DIS,26403,176.24001,5583852.0,-0.004294
2021-06-03,DIS,26403,176.24001,5583852.0,-0.004294
2021-06-03,DIS,26403,176.24001,5583852.0,-0.004294
2021-06-03,DIS,26403,176.24001,5583852.0,-0.004294
2021-06-03,DIS,26403,176.24001,5583852.0,-0.004294
2021-06-04,DIS,26403,177.17999,6343364.0,0.005334
2021-06-04,DIS,26403,177.17999,6343364.0,0.005334
2021-06-04,DIS,26403,177.17999,6343364.0,0.005334
2021-06-04,DIS,26403,177.17999,6343364.0,0.005334
2021-06-04,DIS,26403,177.17999,6343364.0,0.005334
2021-06-04,DIS,26403,177.17999,6343364.0,0.005334
2021-06-04,DIS,26403,177.17999,6343364.0,0.005334
2021-06-04,DIS,26403,177.17999,6343364.0,0.005334
2021-06-04,DIS,26403,177.17999,6343364.0,0.005334
2021-06-07,DIS,26403,176.99001,5178102.0,-0.001072
2021-06-07,DIS,26403,176.99001,5178102.0,-0.001072
2021-06-07,DIS,26403,176.99001,5178102.0,-0.001072
2021-06-07,DIS,26403,176.99001,5178102.0,-0.001072
2021-06-07,DIS,26403,176.99001,5178102.0,-0.001072
2021-06-07,DIS,26403,176.99001,5178102.0,-0.001072
2021-06-07,DIS,26403,176.99001,5178102.0,-0.001072
2021-06-07,DIS,26403,176.99001,5178102.0,-0.001072
2021-06-07,DIS,26403,176.99001,5178102.0,-0.001072
2021-06-08,DIS,26403,176.33,5356212.0,-0.003729
2021-06-08,DIS,26403,176.33,5356212.0,-0.003729
2021-06-08,DIS,26403,176.33,5356212.0,-0.003729
2021-06-08,DIS,26403,176.33,5356212.0,-0.003729
2021-06-08,DIS,26403,176.33,5356212.0,-0.003729
2021-06-08,DIS,26403,176.33,5356212.0,-0.003729
2021-06-08,DIS,26403,176.33,5356212.0,-0.003729
2021-06-08,DIS,26403,176.33,5356212.0,-0.003729
2021-06-08,DIS,26403,176.33,5356212.0,-0.003729
2021-06-09,DIS,26403,176.03999,5082352.0,-0.001645
2021-06-09,DIS,26403,176.03999,5082352.0,-0.001645
2021-06-09,DIS,26403,176.03999,5082352.0,-0.001645
2021-06-09,DIS,26403,176.03999,5082352.0,-0.001645
2021-06-09,DIS,26403,176.03999,5082352.0,-0.001645
2021-06-09,DIS,26403,176.03999,5082352.0,-0.001645
2021-06-09,DIS,26403,176.03999,5082352.0,-0.001645
2021-06-09,DIS,26403,176.03999,5082352.0,-0.001645
2021-06-09,DIS,26403,176.03999,5082352.0,-0.001645
2021-06-10,DIS,26403,176.57001,5252999.0,0.003011
2021-06-10,DIS,26403,176.57001,5252999.0,0.003011
2021-06-10,DIS,26403,176.57001,5252999.0,0.003011
2021-06-10,DIS,26403,176.57001,5252999.0,0.003011
2021-06-10,DIS,26403,176.57001,5252999.0,0.003011
2021-06-10,DIS,26403,176.57001,5252999.0,0.003011
2021-06-10,DIS,26403,176.57001,5252999.0,0.003011
2021-06-10,DIS,26403,176.57001,5252999.0,0.003011
2021-06-10,DIS,26403,176.57001,5252999.0,0.003011
2021-06-11,DIS,26403,177.38,5476308.0,0.004587
2021-06-11,DIS,26403,177.38,5476308.0,0.004587
2021-06-11,DIS,26403,177.38,5476308.0,0.004587
2021-06-11,DIS,26403,177.38,5476308.0,0.004587
2021-06-11,DIS,26403,177.38,5476308.0,0.004587
2021-06-11,DIS,26403,177.38,5476308.0,0.004587
2021-06-11,DIS,26403,177.38,5476308.0,0.004587
2021-06-11,DIS,26403,177.38,5476308.0,0.004587
2021-06-11,DIS,26403,177.38,5476308.0,0.004587
2021-06-14,DIS,26403,178.17999,10169974.0,0.00451
2021-06-14,DIS,26403,178.17999,10169974.0,0.00451
2021-06-14,DIS,26403,178.17999,10169974.0,0.00451
2021-06-14,DIS,26403,178.17999,10169974.0,0.00451
2021-06-14,DIS,26403,178.17999,10169974.0,0.00451
2021-06-14,DIS,26403,178.17999,10169974.0,0.00451
2021-06-14,DIS,26403,178.17999,10169974.0,0.00451
2021-06-14,DIS,26403,178.17999,10169974.0,0.00451
2021-06-14,DIS,26403,178.17999,10169974.0,0.00451
2021-06-15,DIS,26403,175.86,7894959.0,-0.013021
2021-06-15,DIS,26403,175.86,7894959.0,-0.013021
2021-06-15,DIS,26403,175.86,7894959.0,-0.013021
2021-06-15,DIS,26403,175.86,7894959.0,-0.013021
2021-06-15,DIS,26403,175.86,7894959.0,-0.013021
2021-06-15,DIS,26403,175.86,7894959.0,-0.013021
2021-06-15,DIS,26403,175.86,7894959.0,-0.013021
2021-06-15,DIS,26403,175.86,7894959.0,-0.013021
2021-06-15,DIS,26403,175.86,7894959.0,-0.013021
2021-06-16,DIS,26403,174.66,8335986.0,-0.006824
2021-06-16,DIS,26403,174.66,8335986.0,-0.006824
2021-06-16,DIS,26403,174.66,8335986.0,-0.006824
2021-06-16,DIS,26403,174.66,8335986.0,-0.006824
2021-06-16,DIS,26403,174.66,8335986.0,-0.006824
2021-06-16,DIS,26403,174.66,8335986.0,-0.006824
2021-06-16,DIS,26403,174.66,8335986.0,-0.006824
2021-06-16,DIS,26403,174.66,8335986.0,-0.006824
2021-06-16,DIS,26403,174.66,8335986.0,-0.006824
2021-06-17,DIS,26403,174.64999,8905994.0,-5.7e-05
2021-06-17,DIS,26403,174.64999,8905994.0,-5.7e-05
2021-06-17,DIS,26403,174.64999,8905994.0,-5.7e-05
2021-06-17,DIS,26403,174.64999,8905994.0,-5.7e-05
2021-06-17,DIS,26403,174.64999,8905994.0,-5.7e-05
2021-06-17,DIS,26403,174.64999,8905994.0,-5.7e-05
2021-06-17,DIS,26403,174.64999,8905994.0,-5.7e-05
2021-06-17,DIS,26403,174.64999,8905994.0,-5.7e-05
2021-06-17,DIS,26403,174.64999,8905994.0,-5.7e-05
2021-06-18,DIS,26403,172.42,12357540.0,-0.012768
2021-06-18,DIS,26403,172.42,12357540.0,-0.012768
2021-06-18,DIS,26403,172.42,12357540.0,-0.012768
2021-06-18,DIS,26403,172.42,12357540.0,-0.012768
2021-06-18,DIS,26403,172.42,12357540.0,-0.012768
2021-06-18,DIS,26403,172.42,12357540.0,-0.012768
2021-06-18,DIS,26403,172.42,12357540.0,-0.012768
2021-06-18,DIS,26403,172.42,12357540.0,-0.012768
2021-06-18,DIS,26403,172.42,12357540.0,-0.012768
2021-06-21,DIS,26403,173.97,9196930.0,0.00899
2021-06-21,DIS,26403,173.97,9196930.0,0.00899
2021-06-21,DIS,26403,173.97,9196930.0,0.00899
2021-06-21,DIS,26403,173.97,9196930.0,0.00899
2021-06-21,DIS,26403,173.97,9196930.0,0.00899
2021-06-21,DIS,26403,173.97,9196930.0,0.00899
2021-06-21,DIS,26403,173.97,9196930.0,0.00899
2021-06-21,DIS,26403,173.97,9196930.0,0.00899
2021-06-21,DIS,26403,173.97,9196930.0,0.00899
2021-06-22,DIS,26403,173.5,8097070.0,-0.002702
2021-06-22,DIS,26403,173.5,8097070.0,-0.002702
2021-06-22,DIS,26403,173.5,8097070.0,-0.002702
2021-06-22,DIS,26403,173.5,8097070.0,-0.002702
2021-06-22,DIS,26403,173.5,8097070.0,-0.002702
2021-06-22,DIS,26403,173.5,8097070.0,-0.002702
2021-06-22,DIS,26403,173.5,8097070.0,-0.002702
2021-06-22,DIS,26403,173.5,8097070.0,-0.002702
2021-06-22,DIS,26403,173.5,8097070.0,-0.002702
2021-06-23,DIS,26403,175.33,9174184.0,0.010548
2021-06-23,DIS,26403,175.33,9174184.0,0.010548
2021-06-23,DIS,26403,175.33,9174184.0,0.010548
2021-06-23,DIS,26403,175.33,9174184.0,0.010548
2021-06-23,DIS,26403,175.33,9174184.0,0.010548
2021-06-23,DIS,26403,175.33,9174184.0,0.010548
2021-06-23,DIS,26403,175.33,9174184.0,0.010548
2021-06-23,DIS,26403,175.33,9174184.0,0.010548
2021-06-23,DIS,26403,175.33,9174184.0,0.010548
2021-06-24,DIS,26403,177.92999,7549422.0,0.014829
2021-06-24,DIS,26403,177.92999,7549422.0,0.014829
2021-06-24,DIS,26403,177.92999,7549422.0,0.014829
2021-06-24,DIS,26403,177.92999,7549422.0,0.014829
2021-06-24,DIS,26403,177.92999,7549422.0,0.014829
2021-06-24,DIS,26403,177.92999,7549422.0,0.014829
2021-06-24,DIS,26403,177.92999,7549422.0,0.014829
2021-06-24,DIS,26403,177.92999,7549422.0,0.014829
2021-06-24,DIS,26403,177.92999,7549422.0,0.014829
2021-06-25,DIS,26403,178.35001,7431816.0,0.002361
2021-06-25,DIS,26403,178.35001,7431816.0,0.002361
2021-06-25,DIS,26403,178.35001,7431816.0,0.002361
2021-06-25,DIS,26403,178.35001,7431816.0,0.002361
2021-06-25,DIS,26403,178.35001,7431816.0,0.002361
2021-06-25,DIS,26403,178.35001,7431816.0,0.002361
2021-06-25,DIS,26403,178.35001,7431816.0,0.002361
2021-06-25,DIS,26403,178.35001,7431816.0,0.002361
2021-06-25,DIS,26403,178.35001,7431816.0,0.002361
2021-06-28,DIS,26403,176.57001,9881440.0,-0.00998
2021-06-28,DIS,26403,176.57001,9881440.0,-0.00998
2021-06-28,DIS,26403,176.57001,9881440.0,-0.00998
2021-06-28,DIS,26403,176.57001,9881440.0,-0.00998
2021-06-28,DIS,26403,176.57001,9881440.0,-0.00998
2021-06-28,DIS,26403,176.57001,9881440.0,-0.00998
2021-06-28,DIS,26403,176.57001,9881440.0,-0.00998
2021-06-28,DIS,26403,176.57001,9881440.0,-0.00998
2021-06-28,DIS,26403,176.57001,9881440.0,-0.00998
2021-06-29,DIS,26403,173.92999,13498290.0,-0.014952
2021-06-29,DIS,26403,173.92999,13498290.0,-0.014952
2021-06-29,DIS,26403,173.92999,13498290.0,-0.014952
2021-06-29,DIS,26403,173.92999,13498290.0,-0.014952
2021-06-29,DIS,26403,173.92999,13498290.0,-0.014952
2021-06-29,DIS,26403,173.92999,13498290.0,-0.014952
2021-06-29,DIS,26403,173.92999,13498290.0,-0.014952
2021-06-29,DIS,26403,173.92999,13498290.0,-0.014952
2021-06-29,DIS,26403,173.92999,13498290.0,-0.014952
2021-06-30,DIS,26403,175.77,7481883.0,0.010579
2021-06-30,DIS,26403,175.77,7481883.0,0.010579
2021-06-30,DIS,26403,175.77,7481883.0,0.010579
2021-06-30,DIS,26403,175.77,7481883.0,0.010579
2021-06-30,DIS,26403,175.77,7481883.0,0.010579
2021-06-30,DIS,26403,175.77,7481883.0,0.010579
2021-06-30,DIS,26403,175.77,7481883.0,0.010579
2021-06-30,DIS,26403,175.77,7481883.0,0.010579
2021-06-30,DIS,26403,175.77,7481883.0,0.010579
2021-07-01,DIS,26403,177.25999,5887078.0,0.008477
2021-07-01,DIS,26403,177.25999,5887078.0,0.008477
2021-07-01,DIS,26403,177.25999,5887078.0,0.008477
2021-07-01,DIS,26403,177.25999,5887078.0,0.008477
2021-07-01,DIS,26403,177.25999,5887078.0,0.008477
2021-07-01,DIS,26403,177.25999,5887078.0,0.008477
2021-07-01,DIS,26403,177.25999,5887078.0,0.008477
2021-07-01,DIS,26403,177.25999,5887078.0,0.008477
2021-07-01,DIS,26403,177.25999,5887078.0,0.008477
2021-07-02,DIS,26403,177.11,11102745.0,-0.000846
2021-07-02,DIS,26403,177.11,11102745.0,-0.000846
2021-07-02,DIS,26403,177.11,11102745.0,-0.000846
2021-07-02,DIS,26403,177.11,11102745.0,-0.000846
2021-07-02,DIS,26403,177.11,11102745.0,-0.000846
2021-07-02,DIS,26403,177.11,11102745.0,-0.000846
2021-07-02,DIS,26403,177.11,11102745.0,-0.000846
2021-07-02,DIS,26403,177.11,11102745.0,-0.000846
2021-07-02,DIS,26403,177.11,11102745.0,-0.000846
2021-07-06,DIS,26403,173.69,11557861.0,-0.01931
2021-07-06,DIS,26403,173.69,11557861.0,-0.01931
2021-07-06,DIS,26403,173.69,11557861.0,-0.01931
2021-07-06,DIS,26403,173.69,11557861.0,-0.01931
2021-07-06,DIS,26403,173.69,11557861.0,-0.01931
2021-07-06,DIS,26403,173.69,11557861.0,-0.01931
2021-07-06,DIS,26403,173.69,11557861.0,-0.01931
2021-07-06,DIS,26403,173.69,11557861.0,-0.01931
2021-07-06,DIS,26403,173.69,11557861.0,-0.01931
2021-07-07,DIS,26403,172.82001,6757282.0,-0.005009
2021-07-07,DIS,26403,172.82001,6757282.0,-0.005009
2021-07-07,DIS,26403,172.82001,6757282.0,-0.005009
2021-07-07,DIS,26403,172.82001,6757282.0,-0.005009
2021-07-07,DIS,26403,172.82001,6757282.0,-0.005009
2021-07-07,DIS,26403,172.82001,6757282.0,-0.005009
2021-07-07,DIS,26403,172.82001,6757282.0,-0.005009
2021-07-07,DIS,26403,172.82001,6757282.0,-0.005009
2021-07-07,DIS,26403,172.82001,6757282.0,-0.005009
2021-07-08,DIS,26403,172.8,6960105.0,-0.000116
2021-07-08,DIS,26403,172.8,6960105.0,-0.000116
2021-07-08,DIS,26403,172.8,6960105.0,-0.000116
2021-07-08,DIS,26403,172.8,6960105.0,-0.000116
2021-07-08,DIS,26403,172.8,6960105.0,-0.000116
2021-07-08,DIS,26403,172.8,6960105.0,-0.000116
2021-07-08,DIS,26403,172.8,6960105.0,-0.000116
2021-07-08,DIS,26403,172.8,6960105.0,-0.000116
2021-07-08,DIS,26403,172.8,6960105.0,-0.000116
2021-07-09,DIS,26403,177.03999,7873266.0,0.024537
2021-07-09,DIS,26403,177.03999,7873266.0,0.024537
2021-07-09,DIS,26403,177.03999,7873266.0,0.024537
2021-07-09,DIS,26403,177.03999,7873266.0,0.024537
2021-07-09,DIS,26403,177.03999,7873266.0,0.024537
2021-07-09,DIS,26403,177.03999,7873266.0,0.024537
2021-07-09,DIS,26403,177.03999,7873266.0,0.024537
2021-07-09,DIS,26403,177.03999,7873266.0,0.024537
2021-07-09,DIS,26403,177.03999,7873266.0,0.024537
2021-07-12,DIS,26403,184.38,21835513.0,0.04146
2021-07-12,DIS,26403,184.38,21835513.0,0.04146
2021-07-12,DIS,26403,184.38,21835513.0,0.04146
2021-07-12,DIS,26403,184.38,21835513.0,0.04146
2021-07-12,DIS,26403,184.38,21835513.0,0.04146
2021-07-12,DIS,26403,184.38,21835513.0,0.04146
2021-07-12,DIS,26403,184.38,21835513.0,0.04146
2021-07-12,DIS,26403,184.38,21835513.0,0.04146
2021-07-12,DIS,26403,184.38,21835513.0,0.04146
2021-07-13,DIS,26403,183.64999,12534554.0,-0.003959
2021-07-13,DIS,26403,183.64999,12534554.0,-0.003959
2021-07-13,DIS,26403,183.64999,12534554.0,-0.003959
2021-07-13,DIS,26403,183.64999,12534554.0,-0.003959
2021-07-13,DIS,26403,183.64999,12534554.0,-0.003959
2021-07-13,DIS,26403,183.64999,12534554.0,-0.003959
2021-07-13,DIS,26403,183.64999,12534554.0,-0.003959
2021-07-13,DIS,26403,183.64999,12534554.0,-0.003959
2021-07-13,DIS,26403,183.64999,12534554.0,-0.003959
2021-07-14,DIS,26403,183.42,8787307.0,-0.001252
2021-07-14,DIS,26403,183.42,8787307.0,-0.001252
2021-07-14,DIS,26403,183.42,8787307.0,-0.001252
2021-07-14,DIS,26403,183.42,8787307.0,-0.001252
2021-07-14,DIS,26403,183.42,8787307.0,-0.001252
2021-07-14,DIS,26403,183.42,8787307.0,-0.001252
2021-07-14,DIS,26403,183.42,8787307.0,-0.001252
2021-07-14,DIS,26403,183.42,8787307.0,-0.001252
2021-07-14,DIS,26403,183.42,8787307.0,-0.001252
2021-07-15,DIS,26403,184.14999,7866968.0,0.00398
2021-07-15,DIS,26403,184.14999,7866968.0,0.00398
2021-07-15,DIS,26403,184.14999,7866968.0,0.00398
2021-07-15,DIS,26403,184.14999,7866968.0,0.00398
2021-07-15,DIS,26403,184.14999,7866968.0,0.00398
2021-07-15,DIS,26403,184.14999,7866968.0,0.00398
2021-07-15,DIS,26403,184.14999,7866968.0,0.00398
2021-07-15,DIS,26403,184.14999,7866968.0,0.00398
2021-07-15,DIS,26403,184.14999,7866968.0,0.00398
2021-07-16,DIS,26403,179.31,8348797.0,-0.026283
2021-07-16,DIS,26403,179.31,8348797.0,-0.026283
2021-07-16,DIS,26403,179.31,8348797.0,-0.026283
2021-07-16,DIS,26403,179.31,8348797.0,-0.026283
2021-07-16,DIS,26403,179.31,8348797.0,-0.026283
2021-07-16,DIS,26403,179.31,8348797.0,-0.026283
2021-07-16,DIS,26403,179.31,8348797.0,-0.026283
2021-07-16,DIS,26403,179.31,8348797.0,-0.026283
2021-07-16,DIS,26403,179.31,8348797.0,-0.026283
2021-07-19,DIS,26403,172.95,14651780.0,-0.035469
2021-07-19,DIS,26403,172.95,14651780.0,-0.035469
2021-07-19,DIS,26403,172.95,14651780.0,-0.035469
2021-07-19,DIS,26403,172.95,14651780.0,-0.035469
2021-07-19,DIS,26403,172.95,14651780.0,-0.035469
2021-07-19,DIS,26403,172.95,14651780.0,-0.035469
2021-07-19,DIS,26403,172.95,14651780.0,-0.035469
2021-07-19,DIS,26403,172.95,14651780.0,-0.035469
2021-07-19,DIS,26403,172.95,14651780.0,-0.035469
2021-07-20,DIS,26403,176.75,8372402.0,0.021972
2021-07-20,DIS,26403,176.75,8372402.0,0.021972
2021-07-20,DIS,26403,176.75,8372402.0,0.021972
2021-07-20,DIS,26403,176.75,8372402.0,0.021972
2021-07-20,DIS,26403,176.75,8372402.0,0.021972
2021-07-20,DIS,26403,176.75,8372402.0,0.021972
2021-07-20,DIS,26403,176.75,8372402.0,0.021972
2021-07-20,DIS,26403,176.75,8372402.0,0.021972
2021-07-20,DIS,26403,176.75,8372402.0,0.021972
2021-07-21,DIS,26403,176.89,6302229.0,0.000792
2021-07-21,DIS,26403,176.89,6302229.0,0.000792
2021-07-21,DIS,26403,176.89,6302229.0,0.000792
2021-07-21,DIS,26403,176.89,6302229.0,0.000792
2021-07-21,DIS,26403,176.89,6302229.0,0.000792
2021-07-21,DIS,26403,176.89,6302229.0,0.000792
2021-07-21,DIS,26403,176.89,6302229.0,0.000792
2021-07-21,DIS,26403,176.89,6302229.0,0.000792
2021-07-21,DIS,26403,176.89,6302229.0,0.000792
2021-07-22,DIS,26403,175.13,5713745.0,-0.00995
2021-07-22,DIS,26403,175.13,5713745.0,-0.00995
2021-07-22,DIS,26403,175.13,5713745.0,-0.00995
2021-07-22,DIS,26403,175.13,5713745.0,-0.00995
2021-07-22,DIS,26403,175.13,5713745.0,-0.00995
2021-07-22,DIS,26403,175.13,5713745.0,-0.00995
2021-07-22,DIS,26403,175.13,5713745.0,-0.00995
2021-07-22,DIS,26403,175.13,5713745.0,-0.00995
2021-07-22,DIS,26403,175.13,5713745.0,-0.00995
2021-07-23,DIS,26403,176.14,5126271.0,0.005767
2021-07-23,DIS,26403,176.14,5126271.0,0.005767
2021-07-23,DIS,26403,176.14,5126271.0,0.005767
2021-07-23,DIS,26403,176.14,5126271.0,0.005767
2021-07-23,DIS,26403,176.14,5126271.0,0.005767
2021-07-23,DIS,26403,176.14,5126271.0,0.005767
2021-07-23,DIS,26403,176.14,5126271.0,0.005767
2021-07-23,DIS,26403,176.14,5126271.0,0.005767
2021-07-23,DIS,26403,176.14,5126271.0,0.005767
2021-07-26,DIS,26403,178.74001,5641039.0,0.014761
2021-07-26,DIS,26403,178.74001,5641039.0,0.014761
2021-07-26,DIS,26403,178.74001,5641039.0,0.014761
2021-07-26,DIS,26403,178.74001,5641039.0,0.014761
2021-07-26,DIS,26403,178.74001,5641039.0,0.014761
2021-07-26,DIS,26403,178.74001,5641039.0,0.014761
2021-07-26,DIS,26403,178.74001,5641039.0,0.014761
2021-07-26,DIS,26403,178.74001,5641039.0,0.014761
2021-07-26,DIS,26403,178.74001,5641039.0,0.014761
2021-07-27,DIS,26403,179.5,6684123.0,0.004252
2021-07-27,DIS,26403,179.5,6684123.0,0.004252
2021-07-27,DIS,26403,179.5,6684123.0,0.004252
2021-07-27,DIS,26403,179.5,6684123.0,0.004252
2021-07-27,DIS,26403,179.5,6684123.0,0.004252
2021-07-27,DIS,26403,179.5,6684123.0,0.004252
2021-07-27,DIS,26403,179.5,6684123.0,0.004252
2021-07-27,DIS,26403,179.5,6684123.0,0.004252
2021-07-27,DIS,26403,179.5,6684123.0,0.004252
2021-07-28,DIS,26403,179.10001,5926934.0,-0.002228
2021-07-28,DIS,26403,179.10001,5926934.0,-0.002228
2021-07-28,DIS,26403,179.10001,5926934.0,-0.002228
2021-07-28,DIS,26403,179.10001,5926934.0,-0.002228
2021-07-28,DIS,26403,179.10001,5926934.0,-0.002228
2021-07-28,DIS,26403,179.10001,5926934.0,-0.002228
2021-07-28,DIS,26403,179.10001,5926934.0,-0.002228
2021-07-28,DIS,26403,179.10001,5926934.0,-0.002228
2021-07-28,DIS,26403,179.10001,5926934.0,-0.002228
2021-07-29,DIS,26403,178.35001,6209059.0,-0.004188
2021-07-29,DIS,26403,178.35001,6209059.0,-0.004188
2021-07-29,DIS,26403,178.35001,6209059.0,-0.004188
2021-07-29,DIS,26403,178.35001,6209059.0,-0.004188
2021-07-29,DIS,26403,178.35001,6209059.0,-0.004188
2021-07-29,DIS,26403,178.35001,6209059.0,-0.004188
2021-07-29,DIS,26403,178.35001,6209059.0,-0.004188
2021-07-29,DIS,26403,178.35001,6209059.0,-0.004188
2021-07-29,DIS,26403,178.35001,6209059.0,-0.004188
2021-07-30,DIS,26403,176.02,6813443.0,-0.013064
2021-07-30,DIS,26403,176.02,6813443.0,-0.013064
2021-07-30,DIS,26403,176.02,6813443.0,-0.013064
2021-07-30,DIS,26403,176.02,6813443.0,-0.013064
2021-07-30,DIS,26403,176.02,6813443.0,-0.013064
2021-07-30,DIS,26403,176.02,6813443.0,-0.013064
2021-07-30,DIS,26403,176.02,6813443.0,-0.013064
2021-07-30,DIS,26403,176.02,6813443.0,-0.013064
2021-07-30,DIS,26403,176.02,6813443.0,-0.013064
2021-08-02,DIS,26403,175.55,5847175.0,-0.00267
2021-08-02,DIS,26403,175.55,5847175.0,-0.00267
2021-08-02,DIS,26403,175.55,5847175.0,-0.00267
2021-08-02,DIS,26403,175.55,5847175.0,-0.00267
2021-08-02,DIS,26403,175.55,5847175.0,-0.00267
2021-08-02,DIS,26403,175.55,5847175.0,-0.00267
2021-08-02,DIS,26403,175.55,5847175.0,-0.00267
2021-08-02,DIS,26403,175.55,5847175.0,-0.00267
2021-08-02,DIS,26403,175.55,5847175.0,-0.00267
2021-08-03,DIS,26403,172.99001,9931347.0,-0.014583
2021-08-03,DIS,26403,172.99001,9931347.0,-0.014583
2021-08-03,DIS,26403,172.99001,9931347.0,-0.014583
2021-08-03,DIS,26403,172.99001,9931347.0,-0.014583
2021-08-03,DIS,26403,172.99001,9931347.0,-0.014583
2021-08-03,DIS,26403,172.99001,9931347.0,-0.014583
2021-08-03,DIS,26403,172.99001,9931347.0,-0.014583
2021-08-03,DIS,26403,172.99001,9931347.0,-0.014583
2021-08-03,DIS,26403,172.99001,9931347.0,-0.014583
2021-08-04,DIS,26403,172.58,5665827.0,-0.00237
2021-08-04,DIS,26403,172.58,5665827.0,-0.00237
2021-08-04,DIS,26403,172.58,5665827.0,-0.00237
2021-08-04,DIS,26403,172.58,5665827.0,-0.00237
2021-08-04,DIS,26403,172.58,5665827.0,-0.00237
2021-08-04,DIS,26403,172.58,5665827.0,-0.00237
2021-08-04,DIS,26403,172.58,5665827.0,-0.00237
2021-08-04,DIS,26403,172.58,5665827.0,-0.00237
2021-08-04,DIS,26403,172.58,5665827.0,-0.00237
2021-08-05,DIS,26403,176.71001,8864174.0,0.023931
2021-08-05,DIS,26403,176.71001,8864174.0,0.023931
2021-08-05,DIS,26403,176.71001,8864174.0,0.023931
2021-08-05,DIS,26403,176.71001,8864174.0,0.023931
2021-08-05,DIS,26403,176.71001,8864174.0,0.023931
2021-08-05,DIS,26403,176.71001,8864174.0,0.023931
2021-08-05,DIS,26403,176.71001,8864174.0,0.023931
2021-08-05,DIS,26403,176.71001,8864174.0,0.023931
2021-08-05,DIS,26403,176.71001,8864174.0,0.023931
2021-08-06,DIS,26403,177.13,5505241.0,0.002377
2021-08-06,DIS,26403,177.13,5505241.0,0.002377
2021-08-06,DIS,26403,177.13,5505241.0,0.002377
2021-08-06,DIS,26403,177.13,5505241.0,0.002377
2021-08-06,DIS,26403,177.13,5505241.0,0.002377
2021-08-06,DIS,26403,177.13,5505241.0,0.002377
2021-08-06,DIS,26403,177.13,5505241.0,0.002377
2021-08-06,DIS,26403,177.13,5505241.0,0.002377
2021-08-06,DIS,26403,177.13,5505241.0,0.002377
2021-08-09,DIS,26403,176.72,5338969.0,-0.002315
2021-08-09,DIS,26403,176.72,5338969.0,-0.002315
2021-08-09,DIS,26403,176.72,5338969.0,-0.002315
2021-08-09,DIS,26403,176.72,5338969.0,-0.002315
2021-08-09,DIS,26403,176.72,5338969.0,-0.002315
2021-08-09,DIS,26403,176.72,5338969.0,-0.002315
2021-08-09,DIS,26403,176.72,5338969.0,-0.002315
2021-08-09,DIS,26403,176.72,5338969.0,-0.002315
2021-08-09,DIS,26403,176.72,5338969.0,-0.002315
2021-08-10,DIS,26403,177.07001,5184959.0,0.001981
2021-08-10,DIS,26403,177.07001,5184959.0,0.001981
2021-08-10,DIS,26403,177.07001,5184959.0,0.001981
2021-08-10,DIS,26403,177.07001,5184959.0,0.001981
2021-08-10,DIS,26403,177.07001,5184959.0,0.001981
2021-08-10,DIS,26403,177.07001,5184959.0,0.001981
2021-08-10,DIS,26403,177.07001,5184959.0,0.001981
2021-08-10,DIS,26403,177.07001,5184959.0,0.001981
2021-08-10,DIS,26403,177.07001,5184959.0,0.001981
2021-08-11,DIS,26403,178.09,5359894.0,0.00576
2021-08-11,DIS,26403,178.09,5359894.0,0.00576
2021-08-11,DIS,26403,178.09,5359894.0,0.00576
2021-08-11,DIS,26403,178.09,5359894.0,0.00576
2021-08-11,DIS,26403,178.09,5359894.0,0.00576
2021-08-11,DIS,26403,178.09,5359894.0,0.00576
2021-08-11,DIS,26403,178.09,5359894.0,0.00576
2021-08-11,DIS,26403,178.09,5359894.0,0.00576
2021-08-11,DIS,26403,178.09,5359894.0,0.00576
2021-08-12,DIS,26403,179.28999,11266420.0,0.006738
2021-08-12,DIS,26403,179.28999,11266420.0,0.006738
2021-08-12,DIS,26403,179.28999,11266420.0,0.006738
2021-08-12,DIS,26403,179.28999,11266420.0,0.006738
2021-08-12,DIS,26403,179.28999,11266420.0,0.006738
2021-08-12,DIS,26403,179.28999,11266420.0,0.006738
2021-08-12,DIS,26403,179.28999,11266420.0,0.006738
2021-08-12,DIS,26403,179.28999,11266420.0,0.006738
2021-08-12,DIS,26403,179.28999,11266420.0,0.006738
2021-08-13,DIS,26403,181.08,32504619.0,0.009984
2021-08-13,DIS,26403,181.08,32504619.0,0.009984
2021-08-13,DIS,26403,181.08,32504619.0,0.009984
2021-08-13,DIS,26403,181.08,32504619.0,0.009984
2021-08-13,DIS,26403,181.08,32504619.0,0.009984
2021-08-13,DIS,26403,181.08,32504619.0,0.009984
2021-08-13,DIS,26403,181.08,32504619.0,0.009984
2021-08-13,DIS,26403,181.08,32504619.0,0.009984
2021-08-13,DIS,26403,181.08,32504619.0,0.009984
2021-08-16,DIS,26403,179.09,8755051.0,-0.01099
2021-08-16,DIS,26403,179.09,8755051.0,-0.01099
2021-08-16,DIS,26403,179.09,8755051.0,-0.01099
2021-08-16,DIS,26403,179.09,8755051.0,-0.01099
2021-08-16,DIS,26403,179.09,8755051.0,-0.01099
2021-08-16,DIS,26403,179.09,8755051.0,-0.01099
2021-08-16,DIS,26403,179.09,8755051.0,-0.01099
2021-08-16,DIS,26403,179.09,8755051.0,-0.01099
2021-08-16,DIS,26403,179.09,8755051.0,-0.01099
2021-08-17,DIS,26403,175.83,8534526.0,-0.018203
2021-08-17,DIS,26403,175.83,8534526.0,-0.018203
2021-08-17,DIS,26403,175.83,8534526.0,-0.018203
2021-08-17,DIS,26403,175.83,8534526.0,-0.018203
2021-08-17,DIS,26403,175.83,8534526.0,-0.018203
2021-08-17,DIS,26403,175.83,8534526.0,-0.018203
2021-08-17,DIS,26403,175.83,8534526.0,-0.018203
2021-08-17,DIS,26403,175.83,8534526.0,-0.018203
2021-08-17,DIS,26403,175.83,8534526.0,-0.018203
2021-08-18,DIS,26403,174.74001,7063511.0,-0.006199
2021-08-18,DIS,26403,174.74001,7063511.0,-0.006199
2021-08-18,DIS,26403,174.74001,7063511.0,-0.006199
2021-08-18,DIS,26403,174.74001,7063511.0,-0.006199
2021-08-18,DIS,26403,174.74001,7063511.0,-0.006199
2021-08-18,DIS,26403,174.74001,7063511.0,-0.006199
2021-08-18,DIS,26403,174.74001,7063511.0,-0.006199
2021-08-18,DIS,26403,174.74001,7063511.0,-0.006199
2021-08-18,DIS,26403,174.74001,7063511.0,-0.006199
2021-08-19,DIS,26403,173.25,8478606.0,-0.008527
2021-08-19,DIS,26403,173.25,8478606.0,-0.008527
2021-08-19,DIS,26403,173.25,8478606.0,-0.008527
2021-08-19,DIS,26403,173.25,8478606.0,-0.008527
2021-08-19,DIS,26403,173.25,8478606.0,-0.008527
2021-08-19,DIS,26403,173.25,8478606.0,-0.008527
2021-08-19,DIS,26403,173.25,8478606.0,-0.008527
2021-08-19,DIS,26403,173.25,8478606.0,-0.008527
2021-08-19,DIS,26403,173.25,8478606.0,-0.008527
2021-08-20,DIS,26403,175.12,6239617.0,0.010794
2021-08-20,DIS,26403,175.12,6239617.0,0.010794
2021-08-20,DIS,26403,175.12,6239617.0,0.010794
2021-08-20,DIS,26403,175.12,6239617.0,0.010794
2021-08-20,DIS,26403,175.12,6239617.0,0.010794
2021-08-20,DIS,26403,175.12,6239617.0,0.010794
2021-08-20,DIS,26403,175.12,6239617.0,0.010794
2021-08-20,DIS,26403,175.12,6239617.0,0.010794
2021-08-20,DIS,26403,175.12,6239617.0,0.010794
2021-08-23,DIS,26403,177.66,7395878.0,0.014504
2021-08-23,DIS,26403,177.66,7395878.0,0.014504
2021-08-23,DIS,26403,177.66,7395878.0,0.014504
2021-08-23,DIS,26403,177.66,7395878.0,0.014504
2021-08-23,DIS,26403,177.66,7395878.0,0.014504
2021-08-23,DIS,26403,177.66,7395878.0,0.014504
2021-08-23,DIS,26403,177.66,7395878.0,0.014504
2021-08-23,DIS,26403,177.66,7395878.0,0.014504
2021-08-23,DIS,26403,177.66,7395878.0,0.014504
2021-08-24,DIS,26403,178.47,5886947.0,0.004559
2021-08-24,DIS,26403,178.47,5886947.0,0.004559
2021-08-24,DIS,26403,178.47,5886947.0,0.004559
2021-08-24,DIS,26403,178.47,5886947.0,0.004559
2021-08-24,DIS,26403,178.47,5886947.0,0.004559
2021-08-24,DIS,26403,178.47,5886947.0,0.004559
2021-08-24,DIS,26403,178.47,5886947.0,0.004559
2021-08-24,DIS,26403,178.47,5886947.0,0.004559
2021-08-24,DIS,26403,178.47,5886947.0,0.004559
2021-08-25,DIS,26403,178.31,4842077.0,-0.000897
2021-08-25,DIS,26403,178.31,4842077.0,-0.000897
2021-08-25,DIS,26403,178.31,4842077.0,-0.000897
2021-08-25,DIS,26403,178.31,4842077.0,-0.000897
2021-08-25,DIS,26403,178.31,4842077.0,-0.000897
2021-08-25,DIS,26403,178.31,4842077.0,-0.000897
2021-08-25,DIS,26403,178.31,4842077.0,-0.000897
2021-08-25,DIS,26403,178.31,4842077.0,-0.000897
2021-08-25,DIS,26403,178.31,4842077.0,-0.000897
2021-08-26,DIS,26403,176.56,4563000.0,-0.009814
2021-08-26,DIS,26403,176.56,4563000.0,-0.009814
2021-08-26,DIS,26403,176.56,4563000.0,-0.009814
2021-08-26,DIS,26403,176.56,4563000.0,-0.009814
2021-08-26,DIS,26403,176.56,4563000.0,-0.009814
2021-08-26,DIS,26403,176.56,4563000.0,-0.009814
2021-08-26,DIS,26403,176.56,4563000.0,-0.009814
2021-08-26,DIS,26403,176.56,4563000.0,-0.009814
2021-08-26,DIS,26403,176.56,4563000.0,-0.009814
2021-08-27,DIS,26403,180.14,8696960.0,0.020276
2021-08-27,DIS,26403,180.14,8696960.0,0.020276
2021-08-27,DIS,26403,180.14,8696960.0,0.020276
2021-08-27,DIS,26403,180.14,8696960.0,0.020276
2021-08-27,DIS,26403,180.14,8696960.0,0.020276
2021-08-27,DIS,26403,180.14,8696960.0,0.020276
2021-08-27,DIS,26403,180.14,8696960.0,0.020276
2021-08-27,DIS,26403,180.14,8696960.0,0.020276
2021-08-27,DIS,26403,180.14,8696960.0,0.020276
2021-08-30,DIS,26403,179.98,6421287.0,-0.000888
2021-08-30,DIS,26403,179.98,6421287.0,-0.000888
2021-08-30,DIS,26403,179.98,6421287.0,-0.000888
2021-08-30,DIS,26403,179.98,6421287.0,-0.000888
2021-08-30,DIS,26403,179.98,6421287.0,-0.000888
2021-08-30,DIS,26403,179.98,6421287.0,-0.000888
2021-08-30,DIS,26403,179.98,6421287.0,-0.000888
2021-08-30,DIS,26403,179.98,6421287.0,-0.000888
2021-08-30,DIS,26403,179.98,6421287.0,-0.000888
2021-08-31,DIS,26403,181.3,8620017.0,0.007334
2021-08-31,DIS,26403,181.3,8620017.0,0.007334
2021-08-31,DIS,26403,181.3,8620017.0,0.007334
2021-08-31,DIS,26403,181.3,8620017.0,0.007334
2021-08-31,DIS,26403,181.3,8620017.0,0.007334
2021-08-31,DIS,26403,181.3,8620017.0,0.007334
2021-08-31,DIS,26403,181.3,8620017.0,0.007334
2021-08-31,DIS,26403,181.3,8620017.0,0.007334
2021-08-31,DIS,26403,181.3,8620017.0,0.007334
2021-09-01,DIS,26403,183.48,7301023.0,0.012024
2021-09-01,DIS,26403,183.48,7301023.0,0.012024
2021-09-01,DIS,26403,183.48,7301023.0,0.012024
2021-09-01,DIS,26403,183.48,7301023.0,0.012024
2021-09-01,DIS,26403,183.48,7301023.0,0.012024
2021-09-01,DIS,26403,183.48,7301023.0,0.012024
2021-09-01,DIS,26403,183.48,7301023.0,0.012024
2021-09-01,DIS,26403,183.48,7301023.0,0.012024
2021-09-01,DIS,26403,183.48,7301023.0,0.012024
2021-09-02,DIS,26403,181.86,6495205.0,-0.008829
2021-09-02,DIS,26403,181.86,6495205.0,-0.008829
2021-09-02,DIS,26403,181.86,6495205.0,-0.008829
2021-09-02,DIS,26403,181.86,6495205.0,-0.008829
2021-09-02,DIS,26403,181.86,6495205.0,-0.008829
2021-09-02,DIS,26403,181.86,6495205.0,-0.008829
2021-09-02,DIS,26403,181.86,6495205.0,-0.008829
2021-09-02,DIS,26403,181.86,6495205.0,-0.008829
2021-09-02,DIS,26403,181.86,6495205.0,-0.008829
2021-09-03,DIS,26403,181.0,6847889.0,-0.004729
2021-09-03,DIS,26403,181.0,6847889.0,-0.004729
2021-09-03,DIS,26403,181.0,6847889.0,-0.004729
2021-09-03,DIS,26403,181.0,6847889.0,-0.004729
2021-09-03,DIS,26403,181.0,6847889.0,-0.004729
2021-09-03,DIS,26403,181.0,6847889.0,-0.004729
2021-09-03,DIS,26403,181.0,6847889.0,-0.004729
2021-09-03,DIS,26403,181.0,6847889.0,-0.004729
2021-09-03,DIS,26403,181.0,6847889.0,-0.004729
2021-09-07,DIS,26403,184.34,10703030.0,0.018453
2021-09-07,DIS,26403,184.34,10703030.0,0.018453
2021-09-07,DIS,26403,184.34,10703030.0,0.018453
2021-09-07,DIS,26403,184.34,10703030.0,0.018453
2021-09-07,DIS,26403,184.34,10703030.0,0.018453
2021-09-07,DIS,26403,184.34,10703030.0,0.018453
2021-09-07,DIS,26403,184.34,10703030.0,0.018453
2021-09-07,DIS,26403,184.34,10703030.0,0.018453
2021-09-07,DIS,26403,184.34,10703030.0,0.018453
2021-09-08,DIS,26403,185.14999,8630640.0,0.004394
2021-09-08,DIS,26403,185.14999,8630640.0,0.004394
2021-09-08,DIS,26403,185.14999,8630640.0,0.004394
2021-09-08,DIS,26403,185.14999,8630640.0,0.004394
2021-09-08,DIS,26403,185.14999,8630640.0,0.004394
2021-09-08,DIS,26403,185.14999,8630640.0,0.004394
2021-09-08,DIS,26403,185.14999,8630640.0,0.004394
2021-09-08,DIS,26403,185.14999,8630640.0,0.004394
2021-09-08,DIS,26403,185.14999,8630640.0,0.004394
2021-09-09,DIS,26403,185.91,7185621.0,0.004105
2021-09-09,DIS,26403,185.91,7185621.0,0.004105
2021-09-09,DIS,26403,185.91,7185621.0,0.004105
2021-09-09,DIS,26403,185.91,7185621.0,0.004105
2021-09-09,DIS,26403,185.91,7185621.0,0.004105
2021-09-09,DIS,26403,185.91,7185621.0,0.004105
2021-09-09,DIS,26403,185.91,7185621.0,0.004105
2021-09-09,DIS,26403,185.91,7185621.0,0.004105
2021-09-09,DIS,26403,185.91,7185621.0,0.004105
2021-09-10,DIS,26403,184.12,5568674.0,-0.009628
2021-09-10,DIS,26403,184.12,5568674.0,-0.009628
2021-09-10,DIS,26403,184.12,5568674.0,-0.009628
2021-09-10,DIS,26403,184.12,5568674.0,-0.009628
2021-09-10,DIS,26403,184.12,5568674.0,-0.009628
2021-09-10,DIS,26403,184.12,5568674.0,-0.009628
2021-09-10,DIS,26403,184.12,5568674.0,-0.009628
2021-09-10,DIS,26403,184.12,5568674.0,-0.009628
2021-09-10,DIS,26403,184.12,5568674.0,-0.009628
2021-09-13,DIS,26403,184.98,6813966.0,0.004671
2021-09-13,DIS,26403,184.98,6813966.0,0.004671
2021-09-13,DIS,26403,184.98,6813966.0,0.004671
2021-09-13,DIS,26403,184.98,6813966.0,0.004671
2021-09-13,DIS,26403,184.98,6813966.0,0.004671
2021-09-13,DIS,26403,184.98,6813966.0,0.004671
2021-09-13,DIS,26403,184.98,6813966.0,0.004671
2021-09-13,DIS,26403,184.98,6813966.0,0.004671
2021-09-13,DIS,26403,184.98,6813966.0,0.004671
2021-09-14,DIS,26403,182.39999,6184006.0,-0.013948
2021-09-14,DIS,26403,182.39999,6184006.0,-0.013948
2021-09-14,DIS,26403,182.39999,6184006.0,-0.013948
2021-09-14,DIS,26403,182.39999,6184006.0,-0.013948
2021-09-14,DIS,26403,182.39999,6184006.0,-0.013948
2021-09-14,DIS,26403,182.39999,6184006.0,-0.013948
2021-09-14,DIS,26403,182.39999,6184006.0,-0.013948
2021-09-14,DIS,26403,182.39999,6184006.0,-0.013948
2021-09-14,DIS,26403,182.39999,6184006.0,-0.013948
2021-09-15,DIS,26403,184.41,5929890.0,0.01102
2021-09-15,DIS,26403,184.41,5929890.0,0.01102
2021-09-15,DIS,26403,184.41,5929890.0,0.01102
2021-09-15,DIS,26403,184.41,5929890.0,0.01102
2021-09-15,DIS,26403,184.41,5929890.0,0.01102
2021-09-15,DIS,26403,184.41,5929890.0,0.01102
2021-09-15,DIS,26403,184.41,5929890.0,0.01102
2021-09-15,DIS,26403,184.41,5929890.0,0.01102
2021-09-15,DIS,26403,184.41,5929890.0,0.01102
2021-09-16,DIS,26403,183.34,5675822.0,-0.005802
2021-09-16,DIS,26403,183.34,5675822.0,-0.005802
2021-09-16,DIS,26403,183.34,5675822.0,-0.005802
2021-09-16,DIS,26403,183.34,5675822.0,-0.005802
2021-09-16,DIS,26403,183.34,5675822.0,-0.005802
2021-09-16,DIS,26403,183.34,5675822.0,-0.005802
2021-09-16,DIS,26403,183.34,5675822.0,-0.005802
2021-09-16,DIS,26403,183.34,5675822.0,-0.005802
2021-09-16,DIS,26403,183.34,5675822.0,-0.005802
2021-09-17,DIS,26403,183.47,10035606.0,0.000709
2021-09-17,DIS,26403,183.47,10035606.0,0.000709
2021-09-17,DIS,26403,183.47,10035606.0,0.000709
2021-09-17,DIS,26403,183.47,10035606.0,0.000709
2021-09-17,DIS,26403,183.47,10035606.0,0.000709
2021-09-17,DIS,26403,183.47,10035606.0,0.000709
2021-09-17,DIS,26403,183.47,10035606.0,0.000709
2021-09-17,DIS,26403,183.47,10035606.0,0.000709
2021-09-17,DIS,26403,183.47,10035606.0,0.000709
2021-09-20,DIS,26403,178.61,8056648.0,-0.026489
2021-09-20,DIS,26403,178.61,8056648.0,-0.026489
2021-09-20,DIS,26403,178.61,8056648.0,-0.026489
2021-09-20,DIS,26403,178.61,8056648.0,-0.026489
2021-09-20,DIS,26403,178.61,8056648.0,-0.026489
2021-09-20,DIS,26403,178.61,8056648.0,-0.026489
2021-09-20,DIS,26403,178.61,8056648.0,-0.026489
2021-09-20,DIS,26403,178.61,8056648.0,-0.026489
2021-09-20,DIS,26403,178.61,8056648.0,-0.026489
2021-09-21,DIS,26403,171.17,23216027.0,-0.041655
2021-09-21,DIS,26403,171.17,23216027.0,-0.041655
2021-09-21,DIS,26403,171.17,23216027.0,-0.041655
2021-09-21,DIS,26403,171.17,23216027.0,-0.041655
2021-09-21,DIS,26403,171.17,23216027.0,-0.041655
2021-09-21,DIS,26403,171.17,23216027.0,-0.041655
2021-09-21,DIS,26403,171.17,23216027.0,-0.041655
2021-09-21,DIS,26403,171.17,23216027.0,-0.041655
2021-09-21,DIS,26403,171.17,23216027.0,-0.041655
2021-09-22,DIS,26403,173.64999,14214525.0,0.014489
2021-09-22,DIS,26403,173.64999,14214525.0,0.014489
2021-09-22,DIS,26403,173.64999,14214525.0,0.014489
2021-09-22,DIS,26403,173.64999,14214525.0,0.014489
2021-09-22,DIS,26403,173.64999,14214525.0,0.014489
2021-09-22,DIS,26403,173.64999,14214525.0,0.014489
2021-09-22,DIS,26403,173.64999,14214525.0,0.014489
2021-09-22,DIS,26403,173.64999,14214525.0,0.014489
2021-09-22,DIS,26403,173.64999,14214525.0,0.014489
2021-09-23,DIS,26403,176.25,8052869.0,0.014973
2021-09-23,DIS,26403,176.25,8052869.0,0.014973
2021-09-23,DIS,26403,176.25,8052869.0,0.014973
2021-09-23,DIS,26403,176.25,8052869.0,0.014973
2021-09-23,DIS,26403,176.25,8052869.0,0.014973
2021-09-23,DIS,26403,176.25,8052869.0,0.014973
2021-09-23,DIS,26403,176.25,8052869.0,0.014973
2021-09-23,DIS,26403,176.25,8052869.0,0.014973
2021-09-23,DIS,26403,176.25,8052869.0,0.014973
2021-09-24,DIS,26403,176.0,5712778.0,-0.001418
2021-09-24,DIS,26403,176.0,5712778.0,-0.001418
2021-09-24,DIS,26403,176.0,5712778.0,-0.001418
2021-09-24,DIS,26403,176.0,5712778.0,-0.001418
2021-09-24,DIS,26403,176.0,5712778.0,-0.001418
2021-09-24,DIS,26403,176.0,5712778.0,-0.001418
2021-09-24,DIS,26403,176.0,5712778.0,-0.001418
2021-09-24,DIS,26403,176.0,5712778.0,-0.001418
2021-09-24,DIS,26403,176.0,5712778.0,-0.001418
2021-09-27,DIS,26403,178.25999,7754953.0,0.012841
2021-09-27,DIS,26403,178.25999,7754953.0,0.012841
2021-09-27,DIS,26403,178.25999,7754953.0,0.012841
2021-09-27,DIS,26403,178.25999,7754953.0,0.012841
2021-09-27,DIS,26403,178.25999,7754953.0,0.012841
2021-09-27,DIS,26403,178.25999,7754953.0,0.012841
2021-09-27,DIS,26403,178.25999,7754953.0,0.012841
2021-09-27,DIS,26403,178.25999,7754953.0,0.012841
2021-09-27,DIS,26403,178.25999,7754953.0,0.012841
2021-09-28,DIS,26403,174.52,9133118.0,-0.020981
2021-09-28,DIS,26403,174.52,9133118.0,-0.020981
2021-09-28,DIS,26403,174.52,9133118.0,-0.020981
2021-09-28,DIS,26403,174.52,9133118.0,-0.020981
2021-09-28,DIS,26403,174.52,9133118.0,-0.020981
2021-09-28,DIS,26403,174.52,9133118.0,-0.020981
2021-09-28,DIS,26403,174.52,9133118.0,-0.020981
2021-09-28,DIS,26403,174.52,9133118.0,-0.020981
2021-09-28,DIS,26403,174.52,9133118.0,-0.020981
2021-09-29,DIS,26403,172.67999,6240771.0,-0.010543
2021-09-29,DIS,26403,172.67999,6240771.0,-0.010543
2021-09-29,DIS,26403,172.67999,6240771.0,-0.010543
2021-09-29,DIS,26403,172.67999,6240771.0,-0.010543
2021-09-29,DIS,26403,172.67999,6240771.0,-0.010543
2021-09-29,DIS,26403,172.67999,6240771.0,-0.010543
2021-09-29,DIS,26403,172.67999,6240771.0,-0.010543
2021-09-29,DIS,26403,172.67999,6240771.0,-0.010543
2021-09-29,DIS,26403,172.67999,6240771.0,-0.010543
2021-09-30,DIS,26403,169.17,13977983.0,-0.020327
2021-09-30,DIS,26403,169.17,13977983.0,-0.020327
2021-09-30,DIS,26403,169.17,13977983.0,-0.020327
2021-09-30,DIS,26403,169.17,13977983.0,-0.020327
2021-09-30,DIS,26403,169.17,13977983.0,-0.020327
2021-09-30,DIS,26403,169.17,13977983.0,-0.020327
2021-09-30,DIS,26403,169.17,13977983.0,-0.020327
2021-09-30,DIS,26403,169.17,13977983.0,-0.020327
2021-09-30,DIS,26403,169.17,13977983.0,-0.020327
2021-10-01,DIS,26403,176.00999,12165022.0,0.040433
2021-10-01,DIS,26403,176.00999,12165022.0,0.040433
2021-10-01,DIS,26403,176.00999,12165022.0,0.040433
2021-10-01,DIS,26403,176.00999,12165022.0,0.040433
2021-10-01,DIS,26403,176.00999,12165022.0,0.040433
2021-10-01,DIS,26403,176.00999,12165022.0,0.040433
2021-10-01,DIS,26403,176.00999,12165022.0,0.040433
2021-10-01,DIS,26403,176.00999,12165022.0,0.040433
2021-10-01,DIS,26403,176.00999,12165022.0,0.040433
2021-10-04,DIS,26403,173.46001,7200589.0,-0.014488
2021-10-04,DIS,26403,173.46001,7200589.0,-0.014488
2021-10-04,DIS,26403,173.46001,7200589.0,-0.014488
2021-10-04,DIS,26403,173.46001,7200589.0,-0.014488
2021-10-04,DIS,26403,173.46001,7200589.0,-0.014488
2021-10-04,DIS,26403,173.46001,7200589.0,-0.014488
2021-10-04,DIS,26403,173.46001,7200589.0,-0.014488
2021-10-04,DIS,26403,173.46001,7200589.0,-0.014488
2021-10-04,DIS,26403,173.46001,7200589.0,-0.014488
2021-10-05,DIS,26403,174.61,6798224.0,0.00663
2021-10-05,DIS,26403,174.61,6798224.0,0.00663
2021-10-05,DIS,26403,174.61,6798224.0,0.00663
2021-10-05,DIS,26403,174.61,6798224.0,0.00663
2021-10-05,DIS,26403,174.61,6798224.0,0.00663
2021-10-05,DIS,26403,174.61,6798224.0,0.00663
2021-10-05,DIS,26403,174.61,6798224.0,0.00663
2021-10-05,DIS,26403,174.61,6798224.0,0.00663
2021-10-05,DIS,26403,174.61,6798224.0,0.00663
2021-10-06,DIS,26403,175.48,6005169.0,0.004983
2021-10-06,DIS,26403,175.48,6005169.0,0.004983
2021-10-06,DIS,26403,175.48,6005169.0,0.004983
2021-10-06,DIS,26403,175.48,6005169.0,0.004983
2021-10-06,DIS,26403,175.48,6005169.0,0.004983
2021-10-06,DIS,26403,175.48,6005169.0,0.004983
2021-10-06,DIS,26403,175.48,6005169.0,0.004983
2021-10-06,DIS,26403,175.48,6005169.0,0.004983
2021-10-06,DIS,26403,175.48,6005169.0,0.004983
2021-10-07,DIS,26403,177.71001,7779997.0,0.012708
2021-10-07,DIS,26403,177.71001,7779997.0,0.012708
2021-10-07,DIS,26403,177.71001,7779997.0,0.012708
2021-10-07,DIS,26403,177.71001,7779997.0,0.012708
2021-10-07,DIS,26403,177.71001,7779997.0,0.012708
2021-10-07,DIS,26403,177.71001,7779997.0,0.012708
2021-10-07,DIS,26403,177.71001,7779997.0,0.012708
2021-10-07,DIS,26403,177.71001,7779997.0,0.012708
2021-10-07,DIS,26403,177.71001,7779997.0,0.012708
2021-10-08,DIS,26403,176.74001,4132182.0,-0.005458
2021-10-08,DIS,26403,176.74001,4132182.0,-0.005458
2021-10-08,DIS,26403,176.74001,4132182.0,-0.005458
2021-10-08,DIS,26403,176.74001,4132182.0,-0.005458
2021-10-08,DIS,26403,176.74001,4132182.0,-0.005458
2021-10-08,DIS,26403,176.74001,4132182.0,-0.005458
2021-10-08,DIS,26403,176.74001,4132182.0,-0.005458
2021-10-08,DIS,26403,176.74001,4132182.0,-0.005458
2021-10-08,DIS,26403,176.74001,4132182.0,-0.005458
2021-10-11,DIS,26403,173.52,8046270.0,-0.018219
2021-10-11,DIS,26403,173.52,8046270.0,-0.018219
2021-10-11,DIS,26403,173.52,8046270.0,-0.018219
2021-10-11,DIS,26403,173.52,8046270.0,-0.018219
2021-10-11,DIS,26403,173.52,8046270.0,-0.018219
2021-10-11,DIS,26403,173.52,8046270.0,-0.018219
2021-10-11,DIS,26403,173.52,8046270.0,-0.018219
2021-10-11,DIS,26403,173.52,8046270.0,-0.018219
2021-10-11,DIS,26403,173.52,8046270.0,-0.018219
2021-10-12,DIS,26403,173.13,5188380.0,-0.002248
2021-10-12,DIS,26403,173.13,5188380.0,-0.002248
2021-10-12,DIS,26403,173.13,5188380.0,-0.002248
2021-10-12,DIS,26403,173.13,5188380.0,-0.002248
2021-10-12,DIS,26403,173.13,5188380.0,-0.002248
2021-10-12,DIS,26403,173.13,5188380.0,-0.002248
2021-10-12,DIS,26403,173.13,5188380.0,-0.002248
2021-10-12,DIS,26403,173.13,5188380.0,-0.002248
2021-10-12,DIS,26403,173.13,5188380.0,-0.002248
2021-10-13,DIS,26403,172.96001,8918152.0,-0.000982
2021-10-13,DIS,26403,172.96001,8918152.0,-0.000982
2021-10-13,DIS,26403,172.96001,8918152.0,-0.000982
2021-10-13,DIS,26403,172.96001,8918152.0,-0.000982
2021-10-13,DIS,26403,172.96001,8918152.0,-0.000982
2021-10-13,DIS,26403,172.96001,8918152.0,-0.000982
2021-10-13,DIS,26403,172.96001,8918152.0,-0.000982
2021-10-13,DIS,26403,172.96001,8918152.0,-0.000982
2021-10-13,DIS,26403,172.96001,8918152.0,-0.000982
2021-10-14,DIS,26403,174.41,7453306.0,0.008383
2021-10-14,DIS,26403,174.41,7453306.0,0.008383
2021-10-14,DIS,26403,174.41,7453306.0,0.008383
2021-10-14,DIS,26403,174.41,7453306.0,0.008383
2021-10-14,DIS,26403,174.41,7453306.0,0.008383
2021-10-14,DIS,26403,174.41,7453306.0,0.008383
2021-10-14,DIS,26403,174.41,7453306.0,0.008383
2021-10-14,DIS,26403,174.41,7453306.0,0.008383
2021-10-14,DIS,26403,174.41,7453306.0,0.008383
2021-10-15,DIS,26403,176.46001,13943894.0,0.011754
2021-10-15,DIS,26403,176.46001,13943894.0,0.011754
2021-10-15,DIS,26403,176.46001,13943894.0,0.011754
2021-10-15,DIS,26403,176.46001,13943894.0,0.011754
2021-10-15,DIS,26403,176.46001,13943894.0,0.011754
2021-10-15,DIS,26403,176.46001,13943894.0,0.011754
2021-10-15,DIS,26403,176.46001,13943894.0,0.011754
2021-10-15,DIS,26403,176.46001,13943894.0,0.011754
2021-10-15,DIS,26403,176.46001,13943894.0,0.011754
2021-10-18,DIS,26403,171.14,20494788.0,-0.030149
2021-10-18,DIS,26403,171.14,20494788.0,-0.030149
2021-10-18,DIS,26403,171.14,20494788.0,-0.030149
2021-10-18,DIS,26403,171.14,20494788.0,-0.030149
2021-10-18,DIS,26403,171.14,20494788.0,-0.030149
2021-10-18,DIS,26403,171.14,20494788.0,-0.030149
2021-10-18,DIS,26403,171.14,20494788.0,-0.030149
2021-10-18,DIS,26403,171.14,20494788.0,-0.030149
2021-10-18,DIS,26403,171.14,20494788.0,-0.030149
2021-10-19,DIS,26403,171.17999,9669482.0,0.000234
2021-10-19,DIS,26403,171.17999,9669482.0,0.000234
2021-10-19,DIS,26403,171.17999,9669482.0,0.000234
2021-10-19,DIS,26403,171.17999,9669482.0,0.000234
2021-10-19,DIS,26403,171.17999,9669482.0,0.000234
2021-10-19,DIS,26403,171.17999,9669482.0,0.000234
2021-10-19,DIS,26403,171.17999,9669482.0,0.000234
2021-10-19,DIS,26403,171.17999,9669482.0,0.000234
2021-10-19,DIS,26403,171.17999,9669482.0,0.000234
2021-10-20,DIS,26403,170.55,9737626.0,-0.00368
2021-10-20,DIS,26403,170.55,9737626.0,-0.00368
2021-10-20,DIS,26403,170.55,9737626.0,-0.00368
2021-10-20,DIS,26403,170.55,9737626.0,-0.00368
2021-10-20,DIS,26403,170.55,9737626.0,-0.00368
2021-10-20,DIS,26403,170.55,9737626.0,-0.00368
2021-10-20,DIS,26403,170.55,9737626.0,-0.00368
2021-10-20,DIS,26403,170.55,9737626.0,-0.00368
2021-10-20,DIS,26403,170.55,9737626.0,-0.00368
2021-10-21,DIS,26403,171.34,7508956.0,0.004632
2021-10-21,DIS,26403,171.34,7508956.0,0.004632
2021-10-21,DIS,26403,171.34,7508956.0,0.004632
2021-10-21,DIS,26403,171.34,7508956.0,0.004632
2021-10-21,DIS,26403,171.34,7508956.0,0.004632
2021-10-21,DIS,26403,171.34,7508956.0,0.004632
2021-10-21,DIS,26403,171.34,7508956.0,0.004632
2021-10-21,DIS,26403,171.34,7508956.0,0.004632
2021-10-21,DIS,26403,171.34,7508956.0,0.004632
2021-10-22,DIS,26403,169.42,7854323.0,-0.011206
2021-10-22,DIS,26403,169.42,7854323.0,-0.011206
2021-10-22,DIS,26403,169.42,7854323.0,-0.011206
2021-10-22,DIS,26403,169.42,7854323.0,-0.011206
2021-10-22,DIS,26403,169.42,7854323.0,-0.011206
2021-10-22,DIS,26403,169.42,7854323.0,-0.011206
2021-10-22,DIS,26403,169.42,7854323.0,-0.011206
2021-10-22,DIS,26403,169.42,7854323.0,-0.011206
2021-10-22,DIS,26403,169.42,7854323.0,-0.011206
2021-10-25,DIS,26403,172.00999,9798688.0,0.015287
2021-10-25,DIS,26403,172.00999,9798688.0,0.015287
2021-10-25,DIS,26403,172.00999,9798688.0,0.015287
2021-10-25,DIS,26403,172.00999,9798688.0,0.015287
2021-10-25,DIS,26403,172.00999,9798688.0,0.015287
2021-10-25,DIS,26403,172.00999,9798688.0,0.015287
2021-10-25,DIS,26403,172.00999,9798688.0,0.015287
2021-10-25,DIS,26403,172.00999,9798688.0,0.015287
2021-10-25,DIS,26403,172.00999,9798688.0,0.015287
2021-10-26,DIS,26403,172.03999,5850210.0,0.000174
2021-10-26,DIS,26403,172.03999,5850210.0,0.000174
2021-10-26,DIS,26403,172.03999,5850210.0,0.000174
2021-10-26,DIS,26403,172.03999,5850210.0,0.000174
2021-10-26,DIS,26403,172.03999,5850210.0,0.000174
2021-10-26,DIS,26403,172.03999,5850210.0,0.000174
2021-10-26,DIS,26403,172.03999,5850210.0,0.000174
2021-10-26,DIS,26403,172.03999,5850210.0,0.000174
2021-10-26,DIS,26403,172.03999,5850210.0,0.000174
2021-10-27,DIS,26403,169.55,7054716.0,-0.014473
2021-10-27,DIS,26403,169.55,7054716.0,-0.014473
2021-10-27,DIS,26403,169.55,7054716.0,-0.014473
2021-10-27,DIS,26403,169.55,7054716.0,-0.014473
2021-10-27,DIS,26403,169.55,7054716.0,-0.014473
2021-10-27,DIS,26403,169.55,7054716.0,-0.014473
2021-10-27,DIS,26403,169.55,7054716.0,-0.014473
2021-10-27,DIS,26403,169.55,7054716.0,-0.014473
2021-10-27,DIS,26403,169.55,7054716.0,-0.014473
2021-10-28,DIS,26403,169.67999,7884519.0,0.000767
2021-10-28,DIS,26403,169.67999,7884519.0,0.000767
2021-10-28,DIS,26403,169.67999,7884519.0,0.000767
2021-10-28,DIS,26403,169.67999,7884519.0,0.000767
2021-10-28,DIS,26403,169.67999,7884519.0,0.000767
2021-10-28,DIS,26403,169.67999,7884519.0,0.000767
2021-10-28,DIS,26403,169.67999,7884519.0,0.000767
2021-10-28,DIS,26403,169.67999,7884519.0,0.000767
2021-10-28,DIS,26403,169.67999,7884519.0,0.000767
2021-10-29,DIS,26403,169.07001,7598849.0,-0.003595
2021-10-29,DIS,26403,169.07001,7598849.0,-0.003595
2021-10-29,DIS,26403,169.07001,7598849.0,-0.003595
2021-10-29,DIS,26403,169.07001,7598849.0,-0.003595
2021-10-29,DIS,26403,169.07001,7598849.0,-0.003595
2021-10-29,DIS,26403,169.07001,7598849.0,-0.003595
2021-10-29,DIS,26403,169.07001,7598849.0,-0.003595
2021-10-29,DIS,26403,169.07001,7598849.0,-0.003595
2021-10-29,DIS,26403,169.07001,7598849.0,-0.003595
2021-11-01,DIS,26403,170.19,8182898.0,0.006624
2021-11-01,DIS,26403,170.19,8182898.0,0.006624
2021-11-01,DIS,26403,170.19,8182898.0,0.006624
2021-11-01,DIS,26403,170.19,8182898.0,0.006624
2021-11-01,DIS,26403,170.19,8182898.0,0.006624
2021-11-01,DIS,26403,170.19,8182898.0,0.006624
2021-11-01,DIS,26403,170.19,8182898.0,0.006624
2021-11-01,DIS,26403,170.19,8182898.0,0.006624
2021-11-01,DIS,26403,170.19,8182898.0,0.006624
2021-11-02,DIS,26403,169.83,6777230.0,-0.002115
2021-11-02,DIS,26403,169.83,6777230.0,-0.002115
2021-11-02,DIS,26403,169.83,6777230.0,-0.002115
2021-11-02,DIS,26403,169.83,6777230.0,-0.002115
2021-11-02,DIS,26403,169.83,6777230.0,-0.002115
2021-11-02,DIS,26403,169.83,6777230.0,-0.002115
2021-11-02,DIS,26403,169.83,6777230.0,-0.002115
2021-11-02,DIS,26403,169.83,6777230.0,-0.002115
2021-11-02,DIS,26403,169.83,6777230.0,-0.002115
2021-11-03,DIS,26403,170.08,6829310.0,0.001472
2021-11-03,DIS,26403,170.08,6829310.0,0.001472
2021-11-03,DIS,26403,170.08,6829310.0,0.001472
2021-11-03,DIS,26403,170.08,6829310.0,0.001472
2021-11-03,DIS,26403,170.08,6829310.0,0.001472
2021-11-03,DIS,26403,170.08,6829310.0,0.001472
2021-11-03,DIS,26403,170.08,6829310.0,0.001472
2021-11-03,DIS,26403,170.08,6829310.0,0.001472
2021-11-03,DIS,26403,170.08,6829310.0,0.001472
2021-11-04,DIS,26403,170.28,7505507.0,0.001176
2021-11-04,DIS,26403,170.28,7505507.0,0.001176
2021-11-04,DIS,26403,170.28,7505507.0,0.001176
2021-11-04,DIS,26403,170.28,7505507.0,0.001176
2021-11-04,DIS,26403,170.28,7505507.0,0.001176
2021-11-04,DIS,26403,170.28,7505507.0,0.001176
2021-11-04,DIS,26403,170.28,7505507.0,0.001176
2021-11-04,DIS,26403,170.28,7505507.0,0.001176
2021-11-04,DIS,26403,170.28,7505507.0,0.001176
2021-11-05,DIS,26403,175.63,16859184.0,0.031419
2021-11-05,DIS,26403,175.63,16859184.0,0.031419
2021-11-05,DIS,26403,175.63,16859184.0,0.031419
2021-11-05,DIS,26403,175.63,16859184.0,0.031419
2021-11-05,DIS,26403,175.63,16859184.0,0.031419
2021-11-05,DIS,26403,175.63,16859184.0,0.031419
2021-11-05,DIS,26403,175.63,16859184.0,0.031419
2021-11-05,DIS,26403,175.63,16859184.0,0.031419
2021-11-05,DIS,26403,175.63,16859184.0,0.031419
2021-11-08,DIS,26403,176.87,10584586.0,0.00706
2021-11-08,DIS,26403,176.87,10584586.0,0.00706
2021-11-08,DIS,26403,176.87,10584586.0,0.00706
2021-11-08,DIS,26403,176.87,10584586.0,0.00706
2021-11-08,DIS,26403,176.87,10584586.0,0.00706
2021-11-08,DIS,26403,176.87,10584586.0,0.00706
2021-11-08,DIS,26403,176.87,10584586.0,0.00706
2021-11-08,DIS,26403,176.87,10584586.0,0.00706
2021-11-08,DIS,26403,176.87,10584586.0,0.00706
2021-11-09,DIS,26403,175.11,7293301.0,-0.009951
2021-11-09,DIS,26403,175.11,7293301.0,-0.009951
2021-11-09,DIS,26403,175.11,7293301.0,-0.009951
2021-11-09,DIS,26403,175.11,7293301.0,-0.009951
2021-11-09,DIS,26403,175.11,7293301.0,-0.009951
2021-11-09,DIS,26403,175.11,7293301.0,-0.009951
2021-11-09,DIS,26403,175.11,7293301.0,-0.009951
2021-11-09,DIS,26403,175.11,7293301.0,-0.009951
2021-11-09,DIS,26403,175.11,7293301.0,-0.009951
2021-11-10,DIS,26403,174.45,11045826.0,-0.003769
2021-11-10,DIS,26403,174.45,11045826.0,-0.003769
2021-11-10,DIS,26403,174.45,11045826.0,-0.003769
2021-11-10,DIS,26403,174.45,11045826.0,-0.003769
2021-11-10,DIS,26403,174.45,11045826.0,-0.003769
2021-11-10,DIS,26403,174.45,11045826.0,-0.003769
2021-11-10,DIS,26403,174.45,11045826.0,-0.003769
2021-11-10,DIS,26403,174.45,11045826.0,-0.003769
2021-11-10,DIS,26403,174.45,11045826.0,-0.003769
2021-11-11,DIS,26403,162.11,62366499.0,-0.070737
2021-11-11,DIS,26403,162.11,62366499.0,-0.070737
2021-11-11,DIS,26403,162.11,62366499.0,-0.070737
2021-11-11,DIS,26403,162.11,62366499.0,-0.070737
2021-11-11,DIS,26403,162.11,62366499.0,-0.070737
2021-11-11,DIS,26403,162.11,62366499.0,-0.070737
2021-11-11,DIS,26403,162.11,62366499.0,-0.070737
2021-11-11,DIS,26403,162.11,62366499.0,-0.070737
2021-11-11,DIS,26403,162.11,62366499.0,-0.070737
2021-11-12,DIS,26403,159.63,25638370.0,-0.015298
2021-11-12,DIS,26403,159.63,25638370.0,-0.015298
2021-11-12,DIS,26403,159.63,25638370.0,-0.015298
2021-11-12,DIS,26403,159.63,25638370.0,-0.015298
2021-11-12,DIS,26403,159.63,25638370.0,-0.015298
2021-11-12,DIS,26403,159.63,25638370.0,-0.015298
2021-11-12,DIS,26403,159.63,25638370.0,-0.015298
2021-11-12,DIS,26403,159.63,25638370.0,-0.015298
2021-11-12,DIS,26403,159.63,25638370.0,-0.015298
2021-11-15,DIS,26403,158.42999,21285347.0,-0.007517
2021-11-15,DIS,26403,158.42999,21285347.0,-0.007517
2021-11-15,DIS,26403,158.42999,21285347.0,-0.007517
2021-11-15,DIS,26403,158.42999,21285347.0,-0.007517
2021-11-15,DIS,26403,158.42999,21285347.0,-0.007517
2021-11-15,DIS,26403,158.42999,21285347.0,-0.007517
2021-11-15,DIS,26403,158.42999,21285347.0,-0.007517
2021-11-15,DIS,26403,158.42999,21285347.0,-0.007517
2021-11-15,DIS,26403,158.42999,21285347.0,-0.007517
2021-11-16,DIS,26403,158.83,15516161.0,0.002525
2021-11-16,DIS,26403,158.83,15516161.0,0.002525
2021-11-16,DIS,26403,158.83,15516161.0,0.002525
2021-11-16,DIS,26403,158.83,15516161.0,0.002525
2021-11-16,DIS,26403,158.83,15516161.0,0.002525
2021-11-16,DIS,26403,158.83,15516161.0,0.002525
2021-11-16,DIS,26403,158.83,15516161.0,0.002525
2021-11-16,DIS,26403,158.83,15516161.0,0.002525
2021-11-16,DIS,26403,158.83,15516161.0,0.002525
2021-11-17,DIS,26403,157.33,14695528.0,-0.009444
2021-11-17,DIS,26403,157.33,14695528.0,-0.009444
2021-11-17,DIS,26403,157.33,14695528.0,-0.009444
2021-11-17,DIS,26403,157.33,14695528.0,-0.009444
2021-11-17,DIS,26403,157.33,14695528.0,-0.009444
2021-11-17,DIS,26403,157.33,14695528.0,-0.009444
2021-11-17,DIS,26403,157.33,14695528.0,-0.009444
2021-11-17,DIS,26403,157.33,14695528.0,-0.009444
2021-11-17,DIS,26403,157.33,14695528.0,-0.009444
2021-11-18,DIS,26403,155.58,14487740.0,-0.011123
2021-11-18,DIS,26403,155.58,14487740.0,-0.011123
2021-11-18,DIS,26403,155.58,14487740.0,-0.011123
2021-11-18,DIS,26403,155.58,14487740.0,-0.011123
2021-11-18,DIS,26403,155.58,14487740.0,-0.011123
2021-11-18,DIS,26403,155.58,14487740.0,-0.011123
2021-11-18,DIS,26403,155.58,14487740.0,-0.011123
2021-11-18,DIS,26403,155.58,14487740.0,-0.011123
2021-11-18,DIS,26403,155.58,14487740.0,-0.011123
2021-11-19,DIS,26403,154.0,16776492.0,-0.010156
2021-11-19,DIS,26403,154.0,16776492.0,-0.010156
2021-11-19,DIS,26403,154.0,16776492.0,-0.010156
2021-11-19,DIS,26403,154.0,16776492.0,-0.010156
2021-11-19,DIS,26403,154.0,16776492.0,-0.010156
2021-11-19,DIS,26403,154.0,16776492.0,-0.010156
2021-11-19,DIS,26403,154.0,16776492.0,-0.010156
2021-11-19,DIS,26403,154.0,16776492.0,-0.010156
2021-11-19,DIS,26403,154.0,16776492.0,-0.010156
2021-11-22,DIS,26403,154.16,12790408.0,0.001039
2021-11-22,DIS,26403,154.16,12790408.0,0.001039
2021-11-22,DIS,26403,154.16,12790408.0,0.001039
2021-11-22,DIS,26403,154.16,12790408.0,0.001039
2021-11-22,DIS,26403,154.16,12790408.0,0.001039
2021-11-22,DIS,26403,154.16,12790408.0,0.001039
2021-11-22,DIS,26403,154.16,12790408.0,0.001039
2021-11-22,DIS,26403,154.16,12790408.0,0.001039
2021-11-22,DIS,26403,154.16,12790408.0,0.001039
2021-11-23,DIS,26403,151.03,17382893.0,-0.020304
2021-11-23,DIS,26403,151.03,17382893.0,-0.020304
2021-11-23,DIS,26403,151.03,17382893.0,-0.020304
2021-11-23,DIS,26403,151.03,17382893.0,-0.020304
2021-11-23,DIS,26403,151.03,17382893.0,-0.020304
2021-11-23,DIS,26403,151.03,17382893.0,-0.020304
2021-11-23,DIS,26403,151.03,17382893.0,-0.020304
2021-11-23,DIS,26403,151.03,17382893.0,-0.020304
2021-11-23,DIS,26403,151.03,17382893.0,-0.020304
2021-11-24,DIS,26403,151.34,14123739.0,0.002053
2021-11-24,DIS,26403,151.34,14123739.0,0.002053
2021-11-24,DIS,26403,151.34,14123739.0,0.002053
2021-11-24,DIS,26403,151.34,14123739.0,0.002053
2021-11-24,DIS,26403,151.34,14123739.0,0.002053
2021-11-24,DIS,26403,151.34,14123739.0,0.002053
2021-11-24,DIS,26403,151.34,14123739.0,0.002053
2021-11-24,DIS,26403,151.34,14123739.0,0.002053
2021-11-24,DIS,26403,151.34,14123739.0,0.002053
2021-11-26,DIS,26403,148.11,12027675.0,-0.021343
2021-11-26,DIS,26403,148.11,12027675.0,-0.021343
2021-11-26,DIS,26403,148.11,12027675.0,-0.021343
2021-11-26,DIS,26403,148.11,12027675.0,-0.021343
2021-11-26,DIS,26403,148.11,12027675.0,-0.021343
2021-11-26,DIS,26403,148.11,12027675.0,-0.021343
2021-11-26,DIS,26403,148.11,12027675.0,-0.021343
2021-11-26,DIS,26403,148.11,12027675.0,-0.021343
2021-11-26,DIS,26403,148.11,12027675.0,-0.021343
2021-11-29,DIS,26403,147.81,21231323.0,-0.002026
2021-11-29,DIS,26403,147.81,21231323.0,-0.002026
2021-11-29,DIS,26403,147.81,21231323.0,-0.002026
2021-11-29,DIS,26403,147.81,21231323.0,-0.002026
2021-11-29,DIS,26403,147.81,21231323.0,-0.002026
2021-11-29,DIS,26403,147.81,21231323.0,-0.002026
2021-11-29,DIS,26403,147.81,21231323.0,-0.002026
2021-11-29,DIS,26403,147.81,21231323.0,-0.002026
2021-11-29,DIS,26403,147.81,21231323.0,-0.002026
2021-11-30,DIS,26403,144.89999,26011109.0,-0.019688
2021-11-30,DIS,26403,144.89999,26011109.0,-0.019688
2021-11-30,DIS,26403,144.89999,26011109.0,-0.019688
2021-11-30,DIS,26403,144.89999,26011109.0,-0.019688
2021-11-30,DIS,26403,144.89999,26011109.0,-0.019688
2021-11-30,DIS,26403,144.89999,26011109.0,-0.019688
2021-11-30,DIS,26403,144.89999,26011109.0,-0.019688
2021-11-30,DIS,26403,144.89999,26011109.0,-0.019688
2021-11-30,DIS,26403,144.89999,26011109.0,-0.019688
2021-12-01,DIS,26403,142.14999,16503227.0,-0.018979
2021-12-01,DIS,26403,142.14999,16503227.0,-0.018979
2021-12-01,DIS,26403,142.14999,16503227.0,-0.018979
2021-12-01,DIS,26403,142.14999,16503227.0,-0.018979
2021-12-01,DIS,26403,142.14999,16503227.0,-0.018979
2021-12-01,DIS,26403,142.14999,16503227.0,-0.018979
2021-12-01,DIS,26403,142.14999,16503227.0,-0.018979
2021-12-01,DIS,26403,142.14999,16503227.0,-0.018979
2021-12-01,DIS,26403,142.14999,16503227.0,-0.018979
2021-12-02,DIS,26403,147.2,18177709.0,0.035526
2021-12-02,DIS,26403,147.2,18177709.0,0.035526
2021-12-02,DIS,26403,147.2,18177709.0,0.035526
2021-12-02,DIS,26403,147.2,18177709.0,0.035526
2021-12-02,DIS,26403,147.2,18177709.0,0.035526
2021-12-02,DIS,26403,147.2,18177709.0,0.035526
2021-12-02,DIS,26403,147.2,18177709.0,0.035526
2021-12-02,DIS,26403,147.2,18177709.0,0.035526
2021-12-02,DIS,26403,147.2,18177709.0,0.035526
2021-12-03,DIS,26403,146.22,14975619.0,-0.006658
2021-12-03,DIS,26403,146.22,14975619.0,-0.006658
2021-12-03,DIS,26403,146.22,14975619.0,-0.006658
2021-12-03,DIS,26403,146.22,14975619.0,-0.006658
2021-12-03,DIS,26403,146.22,14975619.0,-0.006658
2021-12-03,DIS,26403,146.22,14975619.0,-0.006658
2021-12-03,DIS,26403,146.22,14975619.0,-0.006658
2021-12-03,DIS,26403,146.22,14975619.0,-0.006658
2021-12-03,DIS,26403,146.22,14975619.0,-0.006658
2021-12-06,DIS,26403,150.37,14333932.0,0.028382
2021-12-06,DIS,26403,150.37,14333932.0,0.028382
2021-12-06,DIS,26403,150.37,14333932.0,0.028382
2021-12-06,DIS,26403,150.37,14333932.0,0.028382
2021-12-06,DIS,26403,150.37,14333932.0,0.028382
2021-12-06,DIS,26403,150.37,14333932.0,0.028382
2021-12-06,DIS,26403,150.37,14333932.0,0.028382
2021-12-06,DIS,26403,150.37,14333932.0,0.028382
2021-12-06,DIS,26403,150.37,14333932.0,0.028382
2021-12-07,DIS,26403,150.81,14661067.0,0.002926
2021-12-07,DIS,26403,150.81,14661067.0,0.002926
2021-12-07,DIS,26403,150.81,14661067.0,0.002926
2021-12-07,DIS,26403,150.81,14661067.0,0.002926
2021-12-07,DIS,26403,150.81,14661067.0,0.002926
2021-12-07,DIS,26403,150.81,14661067.0,0.002926
2021-12-07,DIS,26403,150.81,14661067.0,0.002926
2021-12-07,DIS,26403,150.81,14661067.0,0.002926
2021-12-07,DIS,26403,150.81,14661067.0,0.002926
2021-12-08,DIS,26403,153.34,12886261.0,0.016776
2021-12-08,DIS,26403,153.34,12886261.0,0.016776
2021-12-08,DIS,26403,153.34,12886261.0,0.016776
2021-12-08,DIS,26403,153.34,12886261.0,0.016776
2021-12-08,DIS,26403,153.34,12886261.0,0.016776
2021-12-08,DIS,26403,153.34,12886261.0,0.016776
2021-12-08,DIS,26403,153.34,12886261.0,0.016776
2021-12-08,DIS,26403,153.34,12886261.0,0.016776
2021-12-08,DIS,26403,153.34,12886261.0,0.016776
2021-12-09,DIS,26403,152.94,11862333.0,-0.002609
2021-12-09,DIS,26403,152.94,11862333.0,-0.002609
2021-12-09,DIS,26403,152.94,11862333.0,-0.002609
2021-12-09,DIS,26403,152.94,11862333.0,-0.002609
2021-12-09,DIS,26403,152.94,11862333.0,-0.002609
2021-12-09,DIS,26403,152.94,11862333.0,-0.002609
2021-12-09,DIS,26403,152.94,11862333.0,-0.002609
2021-12-09,DIS,26403,152.94,11862333.0,-0.002609
2021-12-09,DIS,26403,152.94,11862333.0,-0.002609
2021-12-10,DIS,26403,152.71001,10247891.0,-0.001504
2021-12-10,DIS,26403,152.71001,10247891.0,-0.001504
2021-12-10,DIS,26403,152.71001,10247891.0,-0.001504
2021-12-10,DIS,26403,152.71001,10247891.0,-0.001504
2021-12-10,DIS,26403,152.71001,10247891.0,-0.001504
2021-12-10,DIS,26403,152.71001,10247891.0,-0.001504
2021-12-10,DIS,26403,152.71001,10247891.0,-0.001504
2021-12-10,DIS,26403,152.71001,10247891.0,-0.001504
2021-12-10,DIS,26403,152.71001,10247891.0,-0.001504
2021-12-13,DIS,26403,150.42999,10195818.0,-0.01493
2021-12-13,DIS,26403,150.42999,10195818.0,-0.01493
2021-12-13,DIS,26403,150.42999,10195818.0,-0.01493
2021-12-13,DIS,26403,150.42999,10195818.0,-0.01493
2021-12-13,DIS,26403,150.42999,10195818.0,-0.01493
2021-12-13,DIS,26403,150.42999,10195818.0,-0.01493
2021-12-13,DIS,26403,150.42999,10195818.0,-0.01493
2021-12-13,DIS,26403,150.42999,10195818.0,-0.01493
2021-12-13,DIS,26403,150.42999,10195818.0,-0.01493
2021-12-14,DIS,26403,149.10001,10872028.0,-0.008841
2021-12-14,DIS,26403,149.10001,10872028.0,-0.008841
2021-12-14,DIS,26403,149.10001,10872028.0,-0.008841
2021-12-14,DIS,26403,149.10001,10872028.0,-0.008841
2021-12-14,DIS,26403,149.10001,10872028.0,-0.008841
2021-12-14,DIS,26403,149.10001,10872028.0,-0.008841
2021-12-14,DIS,26403,149.10001,10872028.0,-0.008841
2021-12-14,DIS,26403,149.10001,10872028.0,-0.008841
2021-12-14,DIS,26403,149.10001,10872028.0,-0.008841
2021-12-15,DIS,26403,150.39999,12231479.0,0.008719
2021-12-15,DIS,26403,150.39999,12231479.0,0.008719
2021-12-15,DIS,26403,150.39999,12231479.0,0.008719
2021-12-15,DIS,26403,150.39999,12231479.0,0.008719
2021-12-15,DIS,26403,150.39999,12231479.0,0.008719
2021-12-15,DIS,26403,150.39999,12231479.0,0.008719
2021-12-15,DIS,26403,150.39999,12231479.0,0.008719
2021-12-15,DIS,26403,150.39999,12231479.0,0.008719
2021-12-15,DIS,26403,150.39999,12231479.0,0.008719
2021-12-16,DIS,26403,148.75,11145624.0,-0.010971
2021-12-16,DIS,26403,148.75,11145624.0,-0.010971
2021-12-16,DIS,26403,148.75,11145624.0,-0.010971
2021-12-16,DIS,26403,148.75,11145624.0,-0.010971
2021-12-16,DIS,26403,148.75,11145624.0,-0.010971
2021-12-16,DIS,26403,148.75,11145624.0,-0.010971
2021-12-16,DIS,26403,148.75,11145624.0,-0.010971
2021-12-16,DIS,26403,148.75,11145624.0,-0.010971
2021-12-16,DIS,26403,148.75,11145624.0,-0.010971
2021-12-17,DIS,26403,148.75999,13878798.0,6.7e-05
2021-12-17,DIS,26403,148.75999,13878798.0,6.7e-05
2021-12-17,DIS,26403,148.75999,13878798.0,6.7e-05
2021-12-17,DIS,26403,148.75999,13878798.0,6.7e-05
2021-12-17,DIS,26403,148.75999,13878798.0,6.7e-05
2021-12-17,DIS,26403,148.75999,13878798.0,6.7e-05
2021-12-17,DIS,26403,148.75999,13878798.0,6.7e-05
2021-12-17,DIS,26403,148.75999,13878798.0,6.7e-05
2021-12-17,DIS,26403,148.75999,13878798.0,6.7e-05
2021-12-20,DIS,26403,146.47,11201921.0,-0.015394
2021-12-20,DIS,26403,146.47,11201921.0,-0.015394
2021-12-20,DIS,26403,146.47,11201921.0,-0.015394
2021-12-20,DIS,26403,146.47,11201921.0,-0.015394
2021-12-20,DIS,26403,146.47,11201921.0,-0.015394
2021-12-20,DIS,26403,146.47,11201921.0,-0.015394
2021-12-20,DIS,26403,146.47,11201921.0,-0.015394
2021-12-20,DIS,26403,146.47,11201921.0,-0.015394
2021-12-20,DIS,26403,146.47,11201921.0,-0.015394
2021-12-21,DIS,26403,151.05,10781406.0,0.031269
2021-12-21,DIS,26403,151.05,10781406.0,0.031269
2021-12-21,DIS,26403,151.05,10781406.0,0.031269
2021-12-21,DIS,26403,151.05,10781406.0,0.031269
2021-12-21,DIS,26403,151.05,10781406.0,0.031269
2021-12-21,DIS,26403,151.05,10781406.0,0.031269
2021-12-21,DIS,26403,151.05,10781406.0,0.031269
2021-12-21,DIS,26403,151.05,10781406.0,0.031269
2021-12-21,DIS,26403,151.05,10781406.0,0.031269
2021-12-22,DIS,26403,151.88,7820439.0,0.005495
2021-12-22,DIS,26403,151.88,7820439.0,0.005495
2021-12-22,DIS,26403,151.88,7820439.0,0.005495
2021-12-22,DIS,26403,151.88,7820439.0,0.005495
2021-12-22,DIS,26403,151.88,7820439.0,0.005495
2021-12-22,DIS,26403,151.88,7820439.0,0.005495
2021-12-22,DIS,26403,151.88,7820439.0,0.005495
2021-12-22,DIS,26403,151.88,7820439.0,0.005495
2021-12-22,DIS,26403,151.88,7820439.0,0.005495
2021-12-23,DIS,26403,153.63,6572351.0,0.011522
2021-12-23,DIS,26403,153.63,6572351.0,0.011522
2021-12-23,DIS,26403,153.63,6572351.0,0.011522
2021-12-23,DIS,26403,153.63,6572351.0,0.011522
2021-12-23,DIS,26403,153.63,6572351.0,0.011522
2021-12-23,DIS,26403,153.63,6572351.0,0.011522
2021-12-23,DIS,26403,153.63,6572351.0,0.011522
2021-12-23,DIS,26403,153.63,6572351.0,0.011522
2021-12-23,DIS,26403,153.63,6572351.0,0.011522
2021-12-27,DIS,26403,152.8,7765470.0,-0.005403
2021-12-27,DIS,26403,152.8,7765470.0,-0.005403
2021-12-27,DIS,26403,152.8,7765470.0,-0.005403
2021-12-27,DIS,26403,152.8,7765470.0,-0.005403
2021-12-27,DIS,26403,152.8,7765470.0,-0.005403
2021-12-27,DIS,26403,152.8,7765470.0,-0.005403
2021-12-27,DIS,26403,152.8,7765470.0,-0.005403
2021-12-27,DIS,26403,152.8,7765470.0,-0.005403
2021-12-27,DIS,26403,152.8,7765470.0,-0.005403
2021-12-28,DIS,26403,155.2,12198679.0,0.015707
2021-12-28,DIS,26403,155.2,12198679.0,0.015707
2021-12-28,DIS,26403,155.2,12198679.0,0.015707
2021-12-28,DIS,26403,155.2,12198679.0,0.015707
2021-12-28,DIS,26403,155.2,12198679.0,0.015707
2021-12-28,DIS,26403,155.2,12198679.0,0.015707
2021-12-28,DIS,26403,155.2,12198679.0,0.015707
2021-12-28,DIS,26403,155.2,12198679.0,0.015707
2021-12-28,DIS,26403,155.2,12198679.0,0.015707
2021-12-29,DIS,26403,154.87,8737004.0,-0.002126
2021-12-29,DIS,26403,154.87,8737004.0,-0.002126
2021-12-29,DIS,26403,154.87,8737004.0,-0.002126
2021-12-29,DIS,26403,154.87,8737004.0,-0.002126
2021-12-29,DIS,26403,154.87,8737004.0,-0.002126
2021-12-29,DIS,26403,154.87,8737004.0,-0.002126
2021-12-29,DIS,26403,154.87,8737004.0,-0.002126
2021-12-29,DIS,26403,154.87,8737004.0,-0.002126
2021-12-29,DIS,26403,154.87,8737004.0,-0.002126
2021-12-30,DIS,26403,155.92999,7228438.0,0.006844
2021-12-30,DIS,26403,155.92999,7228438.0,0.006844
2021-12-30,DIS,26403,155.92999,7228438.0,0.006844
2021-12-30,DIS,26403,155.92999,7228438.0,0.006844
2021-12-30,DIS,26403,155.92999,7228438.0,0.006844
2021-12-30,DIS,26403,155.92999,7228438.0,0.006844
2021-12-30,DIS,26403,155.92999,7228438.0,0.006844
2021-12-30,DIS,26403,155.92999,7228438.0,0.006844
2021-12-30,DIS,26403,155.92999,7228438.0,0.006844
2021-12-31,DIS,26403,154.89,6410235.0,-0.00667
2021-12-31,DIS,26403,154.89,6410235.0,-0.00667
2021-12-31,DIS,26403,154.89,6410235.0,-0.00667
2021-12-31,DIS,26403,154.89,6410235.0,-0.00667
2021-12-31,DIS,26403,154.89,6410235.0,-0.00667
2021-12-31,DIS,26403,154.89,6410235.0,-0.00667
2021-12-31,DIS,26403,154.89,6410235.0,-0.00667
2021-12-31,DIS,26403,154.89,6410235.0,-0.00667
2021-12-31,DIS,26403,154.89,6410235.0,-0.00667
2022-01-03,DIS,26403,156.75999,10228257.0,0.012073
2022-01-03,DIS,26403,156.75999,10228257.0,0.012073
2022-01-03,DIS,26403,156.75999,10228257.0,0.012073
2022-01-03,DIS,26403,156.75999,10228257.0,0.012073
2022-01-03,DIS,26403,156.75999,10228257.0,0.012073
2022-01-03,DIS,26403,156.75999,10228257.0,0.012073
2022-01-03,DIS,26403,156.75999,10228257.0,0.012073
2022-01-03,DIS,26403,156.75999,10228257.0,0.012073
2022-01-03,DIS,26403,156.75999,10228257.0,0.012073
2022-01-04,DIS,26403,155.73,16582041.0,-0.006571
2022-01-04,DIS,26403,155.73,16582041.0,-0.006571
2022-01-04,DIS,26403,155.73,16582041.0,-0.006571
2022-01-04,DIS,26403,155.73,16582041.0,-0.006571
2022-01-04,DIS,26403,155.73,16582041.0,-0.006571
2022-01-04,DIS,26403,155.73,16582041.0,-0.006571
2022-01-04,DIS,26403,155.73,16582041.0,-0.006571
2022-01-04,DIS,26403,155.73,16582041.0,-0.006571
2022-01-04,DIS,26403,155.73,16582041.0,-0.006571
2022-01-05,DIS,26403,155.19,12272097.0,-0.003468
2022-01-05,DIS,26403,155.19,12272097.0,-0.003468
2022-01-05,DIS,26403,155.19,12272097.0,-0.003468
2022-01-05,DIS,26403,155.19,12272097.0,-0.003468
2022-01-05,DIS,26403,155.19,12272097.0,-0.003468
2022-01-05,DIS,26403,155.19,12272097.0,-0.003468
2022-01-05,DIS,26403,155.19,12272097.0,-0.003468
2022-01-05,DIS,26403,155.19,12272097.0,-0.003468
2022-01-05,DIS,26403,155.19,12272097.0,-0.003468
2022-01-06,DIS,26403,156.89999,11095326.0,0.011019
2022-01-06,DIS,26403,156.89999,11095326.0,0.011019
2022-01-06,DIS,26403,156.89999,11095326.0,0.011019
2022-01-06,DIS,26403,156.89999,11095326.0,0.011019
2022-01-06,DIS,26403,156.89999,11095326.0,0.011019
2022-01-06,DIS,26403,156.89999,11095326.0,0.011019
2022-01-06,DIS,26403,156.89999,11095326.0,0.011019
2022-01-06,DIS,26403,156.89999,11095326.0,0.011019
2022-01-06,DIS,26403,156.89999,11095326.0,0.011019
2022-01-07,DIS,26403,157.83,9554622.0,0.005927
2022-01-07,DIS,26403,157.83,9554622.0,0.005927
2022-01-07,DIS,26403,157.83,9554622.0,0.005927
2022-01-07,DIS,26403,157.83,9554622.0,0.005927
2022-01-07,DIS,26403,157.83,9554622.0,0.005927
2022-01-07,DIS,26403,157.83,9554622.0,0.005927
2022-01-07,DIS,26403,157.83,9554622.0,0.005927
2022-01-07,DIS,26403,157.83,9554622.0,0.005927
2022-01-07,DIS,26403,157.83,9554622.0,0.005927
2022-01-10,DIS,26403,156.60001,8672855.0,-0.007793
2022-01-10,DIS,26403,156.60001,8672855.0,-0.007793
2022-01-10,DIS,26403,156.60001,8672855.0,-0.007793
2022-01-10,DIS,26403,156.60001,8672855.0,-0.007793
2022-01-10,DIS,26403,156.60001,8672855.0,-0.007793
2022-01-10,DIS,26403,156.60001,8672855.0,-0.007793
2022-01-10,DIS,26403,156.60001,8672855.0,-0.007793
2022-01-10,DIS,26403,156.60001,8672855.0,-0.007793
2022-01-10,DIS,26403,156.60001,8672855.0,-0.007793
2022-01-11,DIS,26403,157.89,8042556.0,0.008238
2022-01-11,DIS,26403,157.89,8042556.0,0.008238
2022-01-11,DIS,26403,157.89,8042556.0,0.008238
2022-01-11,DIS,26403,157.89,8042556.0,0.008238
2022-01-11,DIS,26403,157.89,8042556.0,0.008238
2022-01-11,DIS,26403,157.89,8042556.0,0.008238
2022-01-11,DIS,26403,157.89,8042556.0,0.008238
2022-01-11,DIS,26403,157.89,8042556.0,0.008238
2022-01-11,DIS,26403,157.89,8042556.0,0.008238
2022-01-12,DIS,26403,157.8,6995649.0,-0.00057
2022-01-12,DIS,26403,157.8,6995649.0,-0.00057
2022-01-12,DIS,26403,157.8,6995649.0,-0.00057
2022-01-12,DIS,26403,157.8,6995649.0,-0.00057
2022-01-12,DIS,26403,157.8,6995649.0,-0.00057
2022-01-12,DIS,26403,157.8,6995649.0,-0.00057
2022-01-12,DIS,26403,157.8,6995649.0,-0.00057
2022-01-12,DIS,26403,157.8,6995649.0,-0.00057
2022-01-12,DIS,26403,157.8,6995649.0,-0.00057
2022-01-13,DIS,26403,155.44,9680583.0,-0.014956
2022-01-13,DIS,26403,155.44,9680583.0,-0.014956
2022-01-13,DIS,26403,155.44,9680583.0,-0.014956
2022-01-13,DIS,26403,155.44,9680583.0,-0.014956
2022-01-13,DIS,26403,155.44,9680583.0,-0.014956
2022-01-13,DIS,26403,155.44,9680583.0,-0.014956
2022-01-13,DIS,26403,155.44,9680583.0,-0.014956
2022-01-13,DIS,26403,155.44,9680583.0,-0.014956
2022-01-13,DIS,26403,155.44,9680583.0,-0.014956
2022-01-14,DIS,26403,151.94,16831957.0,-0.022517
2022-01-14,DIS,26403,151.94,16831957.0,-0.022517
2022-01-14,DIS,26403,151.94,16831957.0,-0.022517
2022-01-14,DIS,26403,151.94,16831957.0,-0.022517
2022-01-14,DIS,26403,151.94,16831957.0,-0.022517
2022-01-14,DIS,26403,151.94,16831957.0,-0.022517
2022-01-14,DIS,26403,151.94,16831957.0,-0.022517
2022-01-14,DIS,26403,151.94,16831957.0,-0.022517
2022-01-14,DIS,26403,151.94,16831957.0,-0.022517
2022-01-18,DIS,26403,152.27,10425768.0,0.002172
2022-01-18,DIS,26403,152.27,10425768.0,0.002172
2022-01-18,DIS,26403,152.27,10425768.0,0.002172
2022-01-18,DIS,26403,152.27,10425768.0,0.002172
2022-01-18,DIS,26403,152.27,10425768.0,0.002172
2022-01-18,DIS,26403,152.27,10425768.0,0.002172
2022-01-18,DIS,26403,152.27,10425768.0,0.002172
2022-01-18,DIS,26403,152.27,10425768.0,0.002172
2022-01-18,DIS,26403,152.27,10425768.0,0.002172
2022-01-19,DIS,26403,150.11,10413247.0,-0.014185
2022-01-19,DIS,26403,150.11,10413247.0,-0.014185
2022-01-19,DIS,26403,150.11,10413247.0,-0.014185
2022-01-19,DIS,26403,150.11,10413247.0,-0.014185
2022-01-19,DIS,26403,150.11,10413247.0,-0.014185
2022-01-19,DIS,26403,150.11,10413247.0,-0.014185
2022-01-19,DIS,26403,150.11,10413247.0,-0.014185
2022-01-19,DIS,26403,150.11,10413247.0,-0.014185
2022-01-19,DIS,26403,150.11,10413247.0,-0.014185
2022-01-20,DIS,26403,147.62,11760374.0,-0.016588
2022-01-20,DIS,26403,147.62,11760374.0,-0.016588
2022-01-20,DIS,26403,147.62,11760374.0,-0.016588
2022-01-20,DIS,26403,147.62,11760374.0,-0.016588
2022-01-20,DIS,26403,147.62,11760374.0,-0.016588
2022-01-20,DIS,26403,147.62,11760374.0,-0.016588
2022-01-20,DIS,26403,147.62,11760374.0,-0.016588
2022-01-20,DIS,26403,147.62,11760374.0,-0.016588
2022-01-20,DIS,26403,147.62,11760374.0,-0.016588
2022-01-21,DIS,26403,137.38,34491847.0,-0.069367
2022-01-21,DIS,26403,137.38,34491847.0,-0.069367
2022-01-21,DIS,26403,137.38,34491847.0,-0.069367
2022-01-21,DIS,26403,137.38,34491847.0,-0.069367
2022-01-21,DIS,26403,137.38,34491847.0,-0.069367
2022-01-21,DIS,26403,137.38,34491847.0,-0.069367
2022-01-21,DIS,26403,137.38,34491847.0,-0.069367
2022-01-21,DIS,26403,137.38,34491847.0,-0.069367
2022-01-21,DIS,26403,137.38,34491847.0,-0.069367
2022-01-24,DIS,26403,137.46001,31523846.0,0.000582
2022-01-24,DIS,26403,137.46001,31523846.0,0.000582
2022-01-24,DIS,26403,137.46001,31523846.0,0.000582
2022-01-24,DIS,26403,137.46001,31523846.0,0.000582
2022-01-24,DIS,26403,137.46001,31523846.0,0.000582
2022-01-24,DIS,26403,137.46001,31523846.0,0.000582
2022-01-24,DIS,26403,137.46001,31523846.0,0.000582
2022-01-24,DIS,26403,137.46001,31523846.0,0.000582
2022-01-24,DIS,26403,137.46001,31523846.0,0.000582
2022-01-25,DIS,26403,136.50999,14694413.0,-0.006911
2022-01-25,DIS,26403,136.50999,14694413.0,-0.006911
2022-01-25,DIS,26403,136.50999,14694413.0,-0.006911
2022-01-25,DIS,26403,136.50999,14694413.0,-0.006911
2022-01-25,DIS,26403,136.50999,14694413.0,-0.006911
2022-01-25,DIS,26403,136.50999,14694413.0,-0.006911
2022-01-25,DIS,26403,136.50999,14694413.0,-0.006911
2022-01-25,DIS,26403,136.50999,14694413.0,-0.006911
2022-01-25,DIS,26403,136.50999,14694413.0,-0.006911
2022-01-26,DIS,26403,133.60001,14569916.0,-0.021317
2022-01-26,DIS,26403,133.60001,14569916.0,-0.021317
2022-01-26,DIS,26403,133.60001,14569916.0,-0.021317
2022-01-26,DIS,26403,133.60001,14569916.0,-0.021317
2022-01-26,DIS,26403,133.60001,14569916.0,-0.021317
2022-01-26,DIS,26403,133.60001,14569916.0,-0.021317
2022-01-26,DIS,26403,133.60001,14569916.0,-0.021317
2022-01-26,DIS,26403,133.60001,14569916.0,-0.021317
2022-01-26,DIS,26403,133.60001,14569916.0,-0.021317
2022-01-27,DIS,26403,135.42,11913900.0,0.013623
2022-01-27,DIS,26403,135.42,11913900.0,0.013623
2022-01-27,DIS,26403,135.42,11913900.0,0.013623
2022-01-27,DIS,26403,135.42,11913900.0,0.013623
2022-01-27,DIS,26403,135.42,11913900.0,0.013623
2022-01-27,DIS,26403,135.42,11913900.0,0.013623
2022-01-27,DIS,26403,135.42,11913900.0,0.013623
2022-01-27,DIS,26403,135.42,11913900.0,0.013623
2022-01-27,DIS,26403,135.42,11913900.0,0.013623
2022-01-28,DIS,26403,138.63,10011666.0,0.023704
2022-01-28,DIS,26403,138.63,10011666.0,0.023704
2022-01-28,DIS,26403,138.63,10011666.0,0.023704
2022-01-28,DIS,26403,138.63,10011666.0,0.023704
2022-01-28,DIS,26403,138.63,10011666.0,0.023704
2022-01-28,DIS,26403,138.63,10011666.0,0.023704
2022-01-28,DIS,26403,138.63,10011666.0,0.023704
2022-01-28,DIS,26403,138.63,10011666.0,0.023704
2022-01-28,DIS,26403,138.63,10011666.0,0.023704
2022-01-31,DIS,26403,142.97,10185499.0,0.031306
2022-01-31,DIS,26403,142.97,10185499.0,0.031306
2022-01-31,DIS,26403,142.97,10185499.0,0.031306
2022-01-31,DIS,26403,142.97,10185499.0,0.031306
2022-01-31,DIS,26403,142.97,10185499.0,0.031306
2022-01-31,DIS,26403,142.97,10185499.0,0.031306
2022-01-31,DIS,26403,142.97,10185499.0,0.031306
2022-01-31,DIS,26403,142.97,10185499.0,0.031306
2022-01-31,DIS,26403,142.97,10185499.0,0.031306
2022-02-01,DIS,26403,144.49001,8573340.0,0.010632
2022-02-01,DIS,26403,144.49001,8573340.0,0.010632
2022-02-01,DIS,26403,144.49001,8573340.0,0.010632
2022-02-01,DIS,26403,144.49001,8573340.0,0.010632
2022-02-01,DIS,26403,144.49001,8573340.0,0.010632
2022-02-01,DIS,26403,144.49001,8573340.0,0.010632
2022-02-01,DIS,26403,144.49001,8573340.0,0.010632
2022-02-01,DIS,26403,144.49001,8573340.0,0.010632
2022-02-01,DIS,26403,144.49001,8573340.0,0.010632
2022-02-02,DIS,26403,142.62,9529884.0,-0.012942
2022-02-02,DIS,26403,142.62,9529884.0,-0.012942
2022-02-02,DIS,26403,142.62,9529884.0,-0.012942
2022-02-02,DIS,26403,142.62,9529884.0,-0.012942
2022-02-02,DIS,26403,142.62,9529884.0,-0.012942
2022-02-02,DIS,26403,142.62,9529884.0,-0.012942
2022-02-02,DIS,26403,142.62,9529884.0,-0.012942
2022-02-02,DIS,26403,142.62,9529884.0,-0.012942
2022-02-02,DIS,26403,142.62,9529884.0,-0.012942
2022-02-03,DIS,26403,140.03,9820585.0,-0.01816
2022-02-03,DIS,26403,140.03,9820585.0,-0.01816
2022-02-03,DIS,26403,140.03,9820585.0,-0.01816
2022-02-03,DIS,26403,140.03,9820585.0,-0.01816
2022-02-03,DIS,26403,140.03,9820585.0,-0.01816
2022-02-03,DIS,26403,140.03,9820585.0,-0.01816
2022-02-03,DIS,26403,140.03,9820585.0,-0.01816
2022-02-03,DIS,26403,140.03,9820585.0,-0.01816
2022-02-03,DIS,26403,140.03,9820585.0,-0.01816
2022-02-04,DIS,26403,142.02,8061075.0,0.014211
2022-02-04,DIS,26403,142.02,8061075.0,0.014211
2022-02-04,DIS,26403,142.02,8061075.0,0.014211
2022-02-04,DIS,26403,142.02,8061075.0,0.014211
2022-02-04,DIS,26403,142.02,8061075.0,0.014211
2022-02-04,DIS,26403,142.02,8061075.0,0.014211
2022-02-04,DIS,26403,142.02,8061075.0,0.014211
2022-02-04,DIS,26403,142.02,8061075.0,0.014211
2022-02-04,DIS,26403,142.02,8061075.0,0.014211
2022-02-07,DIS,26403,142.50999,10937517.0,0.00345
2022-02-07,DIS,26403,142.50999,10937517.0,0.00345
2022-02-07,DIS,26403,142.50999,10937517.0,0.00345
2022-02-07,DIS,26403,142.50999,10937517.0,0.00345
2022-02-07,DIS,26403,142.50999,10937517.0,0.00345
2022-02-07,DIS,26403,142.50999,10937517.0,0.00345
2022-02-07,DIS,26403,142.50999,10937517.0,0.00345
2022-02-07,DIS,26403,142.50999,10937517.0,0.00345
2022-02-07,DIS,26403,142.50999,10937517.0,0.00345
2022-02-08,DIS,26403,142.48,9231697.0,-0.000211
2022-02-08,DIS,26403,142.48,9231697.0,-0.000211
2022-02-08,DIS,26403,142.48,9231697.0,-0.000211
2022-02-08,DIS,26403,142.48,9231697.0,-0.000211
2022-02-08,DIS,26403,142.48,9231697.0,-0.000211
2022-02-08,DIS,26403,142.48,9231697.0,-0.000211
2022-02-08,DIS,26403,142.48,9231697.0,-0.000211
2022-02-08,DIS,26403,142.48,9231697.0,-0.000211
2022-02-08,DIS,26403,142.48,9231697.0,-0.000211
2022-02-09,DIS,26403,147.23,22877397.0,0.033338
2022-02-09,DIS,26403,147.23,22877397.0,0.033338
2022-02-09,DIS,26403,147.23,22877397.0,0.033338
2022-02-09,DIS,26403,147.23,22877397.0,0.033338
2022-02-09,DIS,26403,147.23,22877397.0,0.033338
2022-02-09,DIS,26403,147.23,22877397.0,0.033338
2022-02-09,DIS,26403,147.23,22877397.0,0.033338
2022-02-09,DIS,26403,147.23,22877397.0,0.033338
2022-02-09,DIS,26403,147.23,22877397.0,0.033338
2022-02-10,DIS,26403,152.16,42500322.0,0.033485
2022-02-10,DIS,26403,152.16,42500322.0,0.033485
2022-02-10,DIS,26403,152.16,42500322.0,0.033485
2022-02-10,DIS,26403,152.16,42500322.0,0.033485
2022-02-10,DIS,26403,152.16,42500322.0,0.033485
2022-02-10,DIS,26403,152.16,42500322.0,0.033485
2022-02-10,DIS,26403,152.16,42500322.0,0.033485
2022-02-10,DIS,26403,152.16,42500322.0,0.033485
2022-02-10,DIS,26403,152.16,42500322.0,0.033485
2022-02-11,DIS,26403,149.47,17975207.0,-0.017679
2022-02-11,DIS,26403,149.47,17975207.0,-0.017679
2022-02-11,DIS,26403,149.47,17975207.0,-0.017679
2022-02-11,DIS,26403,149.47,17975207.0,-0.017679
2022-02-11,DIS,26403,149.47,17975207.0,-0.017679
2022-02-11,DIS,26403,149.47,17975207.0,-0.017679
2022-02-11,DIS,26403,149.47,17975207.0,-0.017679
2022-02-11,DIS,26403,149.47,17975207.0,-0.017679
2022-02-11,DIS,26403,149.47,17975207.0,-0.017679
2022-02-14,DIS,26403,150.85001,14694683.0,0.009233
2022-02-14,DIS,26403,150.85001,14694683.0,0.009233
2022-02-14,DIS,26403,150.85001,14694683.0,0.009233
2022-02-14,DIS,26403,150.85001,14694683.0,0.009233
2022-02-14,DIS,26403,150.85001,14694683.0,0.009233
2022-02-14,DIS,26403,150.85001,14694683.0,0.009233
2022-02-14,DIS,26403,150.85001,14694683.0,0.009233
2022-02-14,DIS,26403,150.85001,14694683.0,0.009233
2022-02-14,DIS,26403,150.85001,14694683.0,0.009233
2022-02-15,DIS,26403,154.72,12730923.0,0.025655
2022-02-15,DIS,26403,154.72,12730923.0,0.025655
2022-02-15,DIS,26403,154.72,12730923.0,0.025655
2022-02-15,DIS,26403,154.72,12730923.0,0.025655
2022-02-15,DIS,26403,154.72,12730923.0,0.025655
2022-02-15,DIS,26403,154.72,12730923.0,0.025655
2022-02-15,DIS,26403,154.72,12730923.0,0.025655
2022-02-15,DIS,26403,154.72,12730923.0,0.025655
2022-02-15,DIS,26403,154.72,12730923.0,0.025655
2022-02-16,DIS,26403,156.35001,10656352.0,0.010535
2022-02-16,DIS,26403,156.35001,10656352.0,0.010535
2022-02-16,DIS,26403,156.35001,10656352.0,0.010535
2022-02-16,DIS,26403,156.35001,10656352.0,0.010535
2022-02-16,DIS,26403,156.35001,10656352.0,0.010535
2022-02-16,DIS,26403,156.35001,10656352.0,0.010535
2022-02-16,DIS,26403,156.35001,10656352.0,0.010535
2022-02-16,DIS,26403,156.35001,10656352.0,0.010535
2022-02-16,DIS,26403,156.35001,10656352.0,0.010535
2022-02-17,DIS,26403,152.95,8110299.0,-0.021746
2022-02-17,DIS,26403,152.95,8110299.0,-0.021746
2022-02-17,DIS,26403,152.95,8110299.0,-0.021746
2022-02-17,DIS,26403,152.95,8110299.0,-0.021746
2022-02-17,DIS,26403,152.95,8110299.0,-0.021746
2022-02-17,DIS,26403,152.95,8110299.0,-0.021746
2022-02-17,DIS,26403,152.95,8110299.0,-0.021746
2022-02-17,DIS,26403,152.95,8110299.0,-0.021746
2022-02-17,DIS,26403,152.95,8110299.0,-0.021746
2022-02-18,DIS,26403,151.36,10785503.0,-0.010396
2022-02-18,DIS,26403,151.36,10785503.0,-0.010396
2022-02-18,DIS,26403,151.36,10785503.0,-0.010396
2022-02-18,DIS,26403,151.36,10785503.0,-0.010396
2022-02-18,DIS,26403,151.36,10785503.0,-0.010396
2022-02-18,DIS,26403,151.36,10785503.0,-0.010396
2022-02-18,DIS,26403,151.36,10785503.0,-0.010396
2022-02-18,DIS,26403,151.36,10785503.0,-0.010396
2022-02-18,DIS,26403,151.36,10785503.0,-0.010396
2022-02-22,DIS,26403,148.09,12227209.0,-0.021604
2022-02-22,DIS,26403,148.09,12227209.0,-0.021604
2022-02-22,DIS,26403,148.09,12227209.0,-0.021604
2022-02-22,DIS,26403,148.09,12227209.0,-0.021604
2022-02-22,DIS,26403,148.09,12227209.0,-0.021604
2022-02-22,DIS,26403,148.09,12227209.0,-0.021604
2022-02-22,DIS,26403,148.09,12227209.0,-0.021604
2022-02-22,DIS,26403,148.09,12227209.0,-0.021604
2022-02-22,DIS,26403,148.09,12227209.0,-0.021604
2022-02-23,DIS,26403,145.87,9300697.0,-0.014991
2022-02-23,DIS,26403,145.87,9300697.0,-0.014991
2022-02-23,DIS,26403,145.87,9300697.0,-0.014991
2022-02-23,DIS,26403,145.87,9300697.0,-0.014991
2022-02-23,DIS,26403,145.87,9300697.0,-0.014991
2022-02-23,DIS,26403,145.87,9300697.0,-0.014991
2022-02-23,DIS,26403,145.87,9300697.0,-0.014991
2022-02-23,DIS,26403,145.87,9300697.0,-0.014991
2022-02-23,DIS,26403,145.87,9300697.0,-0.014991
2022-02-24,DIS,26403,149.39999,12475485.0,0.0242
2022-02-24,DIS,26403,149.39999,12475485.0,0.0242
2022-02-24,DIS,26403,149.39999,12475485.0,0.0242
2022-02-24,DIS,26403,149.39999,12475485.0,0.0242
2022-02-24,DIS,26403,149.39999,12475485.0,0.0242
2022-02-24,DIS,26403,149.39999,12475485.0,0.0242
2022-02-24,DIS,26403,149.39999,12475485.0,0.0242
2022-02-24,DIS,26403,149.39999,12475485.0,0.0242
2022-02-24,DIS,26403,149.39999,12475485.0,0.0242
2022-02-25,DIS,26403,149.53,10149515.0,0.00087
2022-02-25,DIS,26403,149.53,10149515.0,0.00087
2022-02-25,DIS,26403,149.53,10149515.0,0.00087
2022-02-25,DIS,26403,149.53,10149515.0,0.00087
2022-02-25,DIS,26403,149.53,10149515.0,0.00087
2022-02-25,DIS,26403,149.53,10149515.0,0.00087
2022-02-25,DIS,26403,149.53,10149515.0,0.00087
2022-02-25,DIS,26403,149.53,10149515.0,0.00087
2022-02-25,DIS,26403,149.53,10149515.0,0.00087
2022-02-28,DIS,26403,148.46001,10834719.0,-0.007156
2022-02-28,DIS,26403,148.46001,10834719.0,-0.007156
2022-02-28,DIS,26403,148.46001,10834719.0,-0.007156
2022-02-28,DIS,26403,148.46001,10834719.0,-0.007156
2022-02-28,DIS,26403,148.46001,10834719.0,-0.007156
2022-02-28,DIS,26403,148.46001,10834719.0,-0.007156
2022-02-28,DIS,26403,148.46001,10834719.0,-0.007156
2022-02-28,DIS,26403,148.46001,10834719.0,-0.007156
2022-02-28,DIS,26403,148.46001,10834719.0,-0.007156
2022-03-01,DIS,26403,145.7,8943991.0,-0.018591
2022-03-01,DIS,26403,145.7,8943991.0,-0.018591
2022-03-01,DIS,26403,145.7,8943991.0,-0.018591
2022-03-01,DIS,26403,145.7,8943991.0,-0.018591
2022-03-01,DIS,26403,145.7,8943991.0,-0.018591
2022-03-01,DIS,26403,145.7,8943991.0,-0.018591
2022-03-01,DIS,26403,145.7,8943991.0,-0.018591
2022-03-01,DIS,26403,145.7,8943991.0,-0.018591
2022-03-01,DIS,26403,145.7,8943991.0,-0.018591
2022-03-02,DIS,26403,147.34,7851027.0,0.011256
2022-03-02,DIS,26403,147.34,7851027.0,0.011256
2022-03-02,DIS,26403,147.34,7851027.0,0.011256
2022-03-02,DIS,26403,147.34,7851027.0,0.011256
2022-03-02,DIS,26403,147.34,7851027.0,0.011256
2022-03-02,DIS,26403,147.34,7851027.0,0.011256
2022-03-02,DIS,26403,147.34,7851027.0,0.011256
2022-03-02,DIS,26403,147.34,7851027.0,0.011256
2022-03-02,DIS,26403,147.34,7851027.0,0.011256
2022-03-03,DIS,26403,145.57001,8048440.0,-0.012013
2022-03-03,DIS,26403,145.57001,8048440.0,-0.012013
2022-03-03,DIS,26403,145.57001,8048440.0,-0.012013
2022-03-03,DIS,26403,145.57001,8048440.0,-0.012013
2022-03-03,DIS,26403,145.57001,8048440.0,-0.012013
2022-03-03,DIS,26403,145.57001,8048440.0,-0.012013
2022-03-03,DIS,26403,145.57001,8048440.0,-0.012013
2022-03-03,DIS,26403,145.57001,8048440.0,-0.012013
2022-03-03,DIS,26403,145.57001,8048440.0,-0.012013
2022-03-04,DIS,26403,140.72,12925361.0,-0.033317
2022-03-04,DIS,26403,140.72,12925361.0,-0.033317
2022-03-04,DIS,26403,140.72,12925361.0,-0.033317
2022-03-04,DIS,26403,140.72,12925361.0,-0.033317
2022-03-04,DIS,26403,140.72,12925361.0,-0.033317
2022-03-04,DIS,26403,140.72,12925361.0,-0.033317
2022-03-04,DIS,26403,140.72,12925361.0,-0.033317
2022-03-04,DIS,26403,140.72,12925361.0,-0.033317
2022-03-04,DIS,26403,140.72,12925361.0,-0.033317
2022-03-07,DIS,26403,133.5,14549670.0,-0.051308
2022-03-07,DIS,26403,133.5,14549670.0,-0.051308
2022-03-07,DIS,26403,133.5,14549670.0,-0.051308
2022-03-07,DIS,26403,133.5,14549670.0,-0.051308
2022-03-07,DIS,26403,133.5,14549670.0,-0.051308
2022-03-07,DIS,26403,133.5,14549670.0,-0.051308
2022-03-07,DIS,26403,133.5,14549670.0,-0.051308
2022-03-07,DIS,26403,133.5,14549670.0,-0.051308
2022-03-07,DIS,26403,133.5,14549670.0,-0.051308
2022-03-08,DIS,26403,131.75,16552011.0,-0.013109
2022-03-08,DIS,26403,131.75,16552011.0,-0.013109
2022-03-08,DIS,26403,131.75,16552011.0,-0.013109
2022-03-08,DIS,26403,131.75,16552011.0,-0.013109
2022-03-08,DIS,26403,131.75,16552011.0,-0.013109
2022-03-08,DIS,26403,131.75,16552011.0,-0.013109
2022-03-08,DIS,26403,131.75,16552011.0,-0.013109
2022-03-08,DIS,26403,131.75,16552011.0,-0.013109
2022-03-08,DIS,26403,131.75,16552011.0,-0.013109
2022-03-09,DIS,26403,133.64999,14673081.0,0.014421
2022-03-09,DIS,26403,133.64999,14673081.0,0.014421
2022-03-09,DIS,26403,133.64999,14673081.0,0.014421
2022-03-09,DIS,26403,133.64999,14673081.0,0.014421
2022-03-09,DIS,26403,133.64999,14673081.0,0.014421
2022-03-09,DIS,26403,133.64999,14673081.0,0.014421
2022-03-09,DIS,26403,133.64999,14673081.0,0.014421
2022-03-09,DIS,26403,133.64999,14673081.0,0.014421
2022-03-09,DIS,26403,133.64999,14673081.0,0.014421
2022-03-10,DIS,26403,133.64,8447238.0,-7.5e-05
2022-03-10,DIS,26403,133.64,8447238.0,-7.5e-05
2022-03-10,DIS,26403,133.64,8447238.0,-7.5e-05
2022-03-10,DIS,26403,133.64,8447238.0,-7.5e-05
2022-03-10,DIS,26403,133.64,8447238.0,-7.5e-05
2022-03-10,DIS,26403,133.64,8447238.0,-7.5e-05
2022-03-10,DIS,26403,133.64,8447238.0,-7.5e-05
2022-03-10,DIS,26403,133.64,8447238.0,-7.5e-05
2022-03-10,DIS,26403,133.64,8447238.0,-7.5e-05
2022-03-11,DIS,26403,131.75,7058388.0,-0.014143
2022-03-11,DIS,26403,131.75,7058388.0,-0.014143
2022-03-11,DIS,26403,131.75,7058388.0,-0.014143
2022-03-11,DIS,26403,131.75,7058388.0,-0.014143
2022-03-11,DIS,26403,131.75,7058388.0,-0.014143
2022-03-11,DIS,26403,131.75,7058388.0,-0.014143
2022-03-11,DIS,26403,131.75,7058388.0,-0.014143
2022-03-11,DIS,26403,131.75,7058388.0,-0.014143
2022-03-11,DIS,26403,131.75,7058388.0,-0.014143
2022-03-14,DIS,26403,129.03,9971526.0,-0.020645
2022-03-14,DIS,26403,129.03,9971526.0,-0.020645
2022-03-14,DIS,26403,129.03,9971526.0,-0.020645
2022-03-14,DIS,26403,129.03,9971526.0,-0.020645
2022-03-14,DIS,26403,129.03,9971526.0,-0.020645
2022-03-14,DIS,26403,129.03,9971526.0,-0.020645
2022-03-14,DIS,26403,129.03,9971526.0,-0.020645
2022-03-14,DIS,26403,129.03,9971526.0,-0.020645
2022-03-14,DIS,26403,129.03,9971526.0,-0.020645
2022-03-15,DIS,26403,134.2,9834809.0,0.040068
2022-03-15,DIS,26403,134.2,9834809.0,0.040068
2022-03-15,DIS,26403,134.2,9834809.0,0.040068
2022-03-15,DIS,26403,134.2,9834809.0,0.040068
2022-03-15,DIS,26403,134.2,9834809.0,0.040068
2022-03-15,DIS,26403,134.2,9834809.0,0.040068
2022-03-15,DIS,26403,134.2,9834809.0,0.040068
2022-03-15,DIS,26403,134.2,9834809.0,0.040068
2022-03-15,DIS,26403,134.2,9834809.0,0.040068
2022-03-16,DIS,26403,138.14,10638735.0,0.029359
2022-03-16,DIS,26403,138.14,10638735.0,0.029359
2022-03-16,DIS,26403,138.14,10638735.0,0.029359
2022-03-16,DIS,26403,138.14,10638735.0,0.029359
2022-03-16,DIS,26403,138.14,10638735.0,0.029359
2022-03-16,DIS,26403,138.14,10638735.0,0.029359
2022-03-16,DIS,26403,138.14,10638735.0,0.029359
2022-03-16,DIS,26403,138.14,10638735.0,0.029359
2022-03-16,DIS,26403,138.14,10638735.0,0.029359
2022-03-17,DIS,26403,139.47,6816024.0,0.009628
2022-03-17,DIS,26403,139.47,6816024.0,0.009628
2022-03-17,DIS,26403,139.47,6816024.0,0.009628
2022-03-17,DIS,26403,139.47,6816024.0,0.009628
2022-03-17,DIS,26403,139.47,6816024.0,0.009628
2022-03-17,DIS,26403,139.47,6816024.0,0.009628
2022-03-17,DIS,26403,139.47,6816024.0,0.009628
2022-03-17,DIS,26403,139.47,6816024.0,0.009628
2022-03-17,DIS,26403,139.47,6816024.0,0.009628
2022-03-18,DIS,26403,140.3,11308777.0,0.005951
2022-03-18,DIS,26403,140.3,11308777.0,0.005951
2022-03-18,DIS,26403,140.3,11308777.0,0.005951
2022-03-18,DIS,26403,140.3,11308777.0,0.005951
2022-03-18,DIS,26403,140.3,11308777.0,0.005951
2022-03-18,DIS,26403,140.3,11308777.0,0.005951
2022-03-18,DIS,26403,140.3,11308777.0,0.005951
2022-03-18,DIS,26403,140.3,11308777.0,0.005951
2022-03-18,DIS,26403,140.3,11308777.0,0.005951
2022-03-21,DIS,26403,138.62,9090316.0,-0.011974
2022-03-21,DIS,26403,138.62,9090316.0,-0.011974
2022-03-21,DIS,26403,138.62,9090316.0,-0.011974
2022-03-21,DIS,26403,138.62,9090316.0,-0.011974
2022-03-21,DIS,26403,138.62,9090316.0,-0.011974
2022-03-21,DIS,26403,138.62,9090316.0,-0.011974
2022-03-21,DIS,26403,138.62,9090316.0,-0.011974
2022-03-21,DIS,26403,138.62,9090316.0,-0.011974
2022-03-21,DIS,26403,138.62,9090316.0,-0.011974
2022-03-22,DIS,26403,140.11,8511566.0,0.010749
2022-03-22,DIS,26403,140.11,8511566.0,0.010749
2022-03-22,DIS,26403,140.11,8511566.0,0.010749
2022-03-22,DIS,26403,140.11,8511566.0,0.010749
2022-03-22,DIS,26403,140.11,8511566.0,0.010749
2022-03-22,DIS,26403,140.11,8511566.0,0.010749
2022-03-22,DIS,26403,140.11,8511566.0,0.010749
2022-03-22,DIS,26403,140.11,8511566.0,0.010749
2022-03-22,DIS,26403,140.11,8511566.0,0.010749
2022-03-23,DIS,26403,137.64,8761269.0,-0.017629
2022-03-23,DIS,26403,137.64,8761269.0,-0.017629
2022-03-23,DIS,26403,137.64,8761269.0,-0.017629
2022-03-23,DIS,26403,137.64,8761269.0,-0.017629
2022-03-23,DIS,26403,137.64,8761269.0,-0.017629
2022-03-23,DIS,26403,137.64,8761269.0,-0.017629
2022-03-23,DIS,26403,137.64,8761269.0,-0.017629
2022-03-23,DIS,26403,137.64,8761269.0,-0.017629
2022-03-23,DIS,26403,137.64,8761269.0,-0.017629
2022-03-24,DIS,26403,138.96001,5858789.0,0.00959
2022-03-24,DIS,26403,138.96001,5858789.0,0.00959
2022-03-24,DIS,26403,138.96001,5858789.0,0.00959
2022-03-24,DIS,26403,138.96001,5858789.0,0.00959
2022-03-24,DIS,26403,138.96001,5858789.0,0.00959
2022-03-24,DIS,26403,138.96001,5858789.0,0.00959
2022-03-24,DIS,26403,138.96001,5858789.0,0.00959
2022-03-24,DIS,26403,138.96001,5858789.0,0.00959
2022-03-24,DIS,26403,138.96001,5858789.0,0.00959
2022-03-25,DIS,26403,139.14,5952130.0,0.001295
2022-03-25,DIS,26403,139.14,5952130.0,0.001295
2022-03-25,DIS,26403,139.14,5952130.0,0.001295
2022-03-25,DIS,26403,139.14,5952130.0,0.001295
2022-03-25,DIS,26403,139.14,5952130.0,0.001295
2022-03-25,DIS,26403,139.14,5952130.0,0.001295
2022-03-25,DIS,26403,139.14,5952130.0,0.001295
2022-03-25,DIS,26403,139.14,5952130.0,0.001295
2022-03-25,DIS,26403,139.14,5952130.0,0.001295
2022-03-28,DIS,26403,138.72,8456087.0,-0.003019
2022-03-28,DIS,26403,138.72,8456087.0,-0.003019
2022-03-28,DIS,26403,138.72,8456087.0,-0.003019
2022-03-28,DIS,26403,138.72,8456087.0,-0.003019
2022-03-28,DIS,26403,138.72,8456087.0,-0.003019
2022-03-28,DIS,26403,138.72,8456087.0,-0.003019
2022-03-28,DIS,26403,138.72,8456087.0,-0.003019
2022-03-28,DIS,26403,138.72,8456087.0,-0.003019
2022-03-28,DIS,26403,138.72,8456087.0,-0.003019
2022-03-29,DIS,26403,142.38,11280683.0,0.026384
2022-03-29,DIS,26403,142.38,11280683.0,0.026384
2022-03-29,DIS,26403,142.38,11280683.0,0.026384
2022-03-29,DIS,26403,142.38,11280683.0,0.026384
2022-03-29,DIS,26403,142.38,11280683.0,0.026384
2022-03-29,DIS,26403,142.38,11280683.0,0.026384
2022-03-29,DIS,26403,142.38,11280683.0,0.026384
2022-03-29,DIS,26403,142.38,11280683.0,0.026384
2022-03-29,DIS,26403,142.38,11280683.0,0.026384
2022-03-30,DIS,26403,140.96001,7922426.0,-0.009973
2022-03-30,DIS,26403,140.96001,7922426.0,-0.009973
2022-03-30,DIS,26403,140.96001,7922426.0,-0.009973
2022-03-30,DIS,26403,140.96001,7922426.0,-0.009973
2022-03-30,DIS,26403,140.96001,7922426.0,-0.009973
2022-03-30,DIS,26403,140.96001,7922426.0,-0.009973
2022-03-30,DIS,26403,140.96001,7922426.0,-0.009973
2022-03-30,DIS,26403,140.96001,7922426.0,-0.009973
2022-03-30,DIS,26403,140.96001,7922426.0,-0.009973
2022-03-31,DIS,26403,137.16,12306461.0,-0.026958
2022-03-31,DIS,26403,137.16,12306461.0,-0.026958
2022-03-31,DIS,26403,137.16,12306461.0,-0.026958
2022-03-31,DIS,26403,137.16,12306461.0,-0.026958
2022-03-31,DIS,26403,137.16,12306461.0,-0.026958
2022-03-31,DIS,26403,137.16,12306461.0,-0.026958
2022-03-31,DIS,26403,137.16,12306461.0,-0.026958
2022-03-31,DIS,26403,137.16,12306461.0,-0.026958
2022-03-31,DIS,26403,137.16,12306461.0,-0.026958
2022-04-01,DIS,26403,137.0,10341044.0,-0.001167
2022-04-01,DIS,26403,137.0,10341044.0,-0.001167
2022-04-01,DIS,26403,137.0,10341044.0,-0.001167
2022-04-01,DIS,26403,137.0,10341044.0,-0.001167
2022-04-01,DIS,26403,137.0,10341044.0,-0.001167
2022-04-01,DIS,26403,137.0,10341044.0,-0.001167
2022-04-01,DIS,26403,137.0,10341044.0,-0.001167
2022-04-01,DIS,26403,137.0,10341044.0,-0.001167
2022-04-01,DIS,26403,137.0,10341044.0,-0.001167
2022-04-04,DIS,26403,138.58,8182004.0,0.011533
2022-04-04,DIS,26403,138.58,8182004.0,0.011533
2022-04-04,DIS,26403,138.58,8182004.0,0.011533
2022-04-04,DIS,26403,138.58,8182004.0,0.011533
2022-04-04,DIS,26403,138.58,8182004.0,0.011533
2022-04-04,DIS,26403,138.58,8182004.0,0.011533
2022-04-04,DIS,26403,138.58,8182004.0,0.011533
2022-04-04,DIS,26403,138.58,8182004.0,0.011533
2022-04-04,DIS,26403,138.58,8182004.0,0.011533
2022-04-05,DIS,26403,135.62,8694095.0,-0.02136
2022-04-05,DIS,26403,135.62,8694095.0,-0.02136
2022-04-05,DIS,26403,135.62,8694095.0,-0.02136
2022-04-05,DIS,26403,135.62,8694095.0,-0.02136
2022-04-05,DIS,26403,135.62,8694095.0,-0.02136
2022-04-05,DIS,26403,135.62,8694095.0,-0.02136
2022-04-05,DIS,26403,135.62,8694095.0,-0.02136
2022-04-05,DIS,26403,135.62,8694095.0,-0.02136
2022-04-05,DIS,26403,135.62,8694095.0,-0.02136
2022-04-06,DIS,26403,132.57001,11679732.0,-0.022489
2022-04-06,DIS,26403,132.57001,11679732.0,-0.022489
2022-04-06,DIS,26403,132.57001,11679732.0,-0.022489
2022-04-06,DIS,26403,132.57001,11679732.0,-0.022489
2022-04-06,DIS,26403,132.57001,11679732.0,-0.022489
2022-04-06,DIS,26403,132.57001,11679732.0,-0.022489
2022-04-06,DIS,26403,132.57001,11679732.0,-0.022489
2022-04-06,DIS,26403,132.57001,11679732.0,-0.022489
2022-04-06,DIS,26403,132.57001,11679732.0,-0.022489
2022-04-07,DIS,26403,131.87,9858728.0,-0.00528
2022-04-07,DIS,26403,131.87,9858728.0,-0.00528
2022-04-07,DIS,26403,131.87,9858728.0,-0.00528
2022-04-07,DIS,26403,131.87,9858728.0,-0.00528
2022-04-07,DIS,26403,131.87,9858728.0,-0.00528
2022-04-07,DIS,26403,131.87,9858728.0,-0.00528
2022-04-07,DIS,26403,131.87,9858728.0,-0.00528
2022-04-07,DIS,26403,131.87,9858728.0,-0.00528
2022-04-07,DIS,26403,131.87,9858728.0,-0.00528
2022-04-08,DIS,26403,131.87,6701966.0,0.0
2022-04-08,DIS,26403,131.87,6701966.0,0.0
2022-04-08,DIS,26403,131.87,6701966.0,0.0
2022-04-08,DIS,26403,131.87,6701966.0,0.0
2022-04-08,DIS,26403,131.87,6701966.0,0.0
2022-04-08,DIS,26403,131.87,6701966.0,0.0
2022-04-08,DIS,26403,131.87,6701966.0,0.0
2022-04-08,DIS,26403,131.87,6701966.0,0.0
2022-04-08,DIS,26403,131.87,6701966.0,0.0
2022-04-11,DIS,26403,130.64999,9915280.0,-0.009252
2022-04-11,DIS,26403,130.64999,9915280.0,-0.009252
2022-04-11,DIS,26403,130.64999,9915280.0,-0.009252
2022-04-11,DIS,26403,130.64999,9915280.0,-0.009252
2022-04-11,DIS,26403,130.64999,9915280.0,-0.009252
2022-04-11,DIS,26403,130.64999,9915280.0,-0.009252
2022-04-11,DIS,26403,130.64999,9915280.0,-0.009252
2022-04-11,DIS,26403,130.64999,9915280.0,-0.009252
2022-04-11,DIS,26403,130.64999,9915280.0,-0.009252
2022-04-12,DIS,26403,130.84,7885640.0,0.001454
2022-04-12,DIS,26403,130.84,7885640.0,0.001454
2022-04-12,DIS,26403,130.84,7885640.0,0.001454
2022-04-12,DIS,26403,130.84,7885640.0,0.001454
2022-04-12,DIS,26403,130.84,7885640.0,0.001454
2022-04-12,DIS,26403,130.84,7885640.0,0.001454
2022-04-12,DIS,26403,130.84,7885640.0,0.001454
2022-04-12,DIS,26403,130.84,7885640.0,0.001454
2022-04-12,DIS,26403,130.84,7885640.0,0.001454
2022-04-13,DIS,26403,132.35001,7694467.0,0.011541
2022-04-13,DIS,26403,132.35001,7694467.0,0.011541
2022-04-13,DIS,26403,132.35001,7694467.0,0.011541
2022-04-13,DIS,26403,132.35001,7694467.0,0.011541
2022-04-13,DIS,26403,132.35001,7694467.0,0.011541
2022-04-13,DIS,26403,132.35001,7694467.0,0.011541
2022-04-13,DIS,26403,132.35001,7694467.0,0.011541
2022-04-13,DIS,26403,132.35001,7694467.0,0.011541
2022-04-13,DIS,26403,132.35001,7694467.0,0.011541
2022-04-14,DIS,26403,130.47,7283466.0,-0.014205
2022-04-14,DIS,26403,130.47,7283466.0,-0.014205
2022-04-14,DIS,26403,130.47,7283466.0,-0.014205
2022-04-14,DIS,26403,130.47,7283466.0,-0.014205
2022-04-14,DIS,26403,130.47,7283466.0,-0.014205
2022-04-14,DIS,26403,130.47,7283466.0,-0.014205
2022-04-14,DIS,26403,130.47,7283466.0,-0.014205
2022-04-14,DIS,26403,130.47,7283466.0,-0.014205
2022-04-14,DIS,26403,130.47,7283466.0,-0.014205
2022-04-18,DIS,26403,127.77,10571011.0,-0.020694
2022-04-18,DIS,26403,127.77,10571011.0,-0.020694
2022-04-18,DIS,26403,127.77,10571011.0,-0.020694
2022-04-18,DIS,26403,127.77,10571011.0,-0.020694
2022-04-18,DIS,26403,127.77,10571011.0,-0.020694
2022-04-18,DIS,26403,127.77,10571011.0,-0.020694
2022-04-18,DIS,26403,127.77,10571011.0,-0.020694
2022-04-18,DIS,26403,127.77,10571011.0,-0.020694
2022-04-18,DIS,26403,127.77,10571011.0,-0.020694
2022-04-19,DIS,26403,131.89999,12767220.0,0.032324
2022-04-19,DIS,26403,131.89999,12767220.0,0.032324
2022-04-19,DIS,26403,131.89999,12767220.0,0.032324
2022-04-19,DIS,26403,131.89999,12767220.0,0.032324
2022-04-19,DIS,26403,131.89999,12767220.0,0.032324
2022-04-19,DIS,26403,131.89999,12767220.0,0.032324
2022-04-19,DIS,26403,131.89999,12767220.0,0.032324
2022-04-19,DIS,26403,131.89999,12767220.0,0.032324
2022-04-19,DIS,26403,131.89999,12767220.0,0.032324
2022-04-20,DIS,26403,124.57,36465676.0,-0.055572
2022-04-20,DIS,26403,124.57,36465676.0,-0.055572
2022-04-20,DIS,26403,124.57,36465676.0,-0.055572
2022-04-20,DIS,26403,124.57,36465676.0,-0.055572
2022-04-20,DIS,26403,124.57,36465676.0,-0.055572
2022-04-20,DIS,26403,124.57,36465676.0,-0.055572
2022-04-20,DIS,26403,124.57,36465676.0,-0.055572
2022-04-20,DIS,26403,124.57,36465676.0,-0.055572
2022-04-20,DIS,26403,124.57,36465676.0,-0.055572
2022-04-21,DIS,26403,121.66,18688636.0,-0.02336
2022-04-21,DIS,26403,121.66,18688636.0,-0.02336
2022-04-21,DIS,26403,121.66,18688636.0,-0.02336
2022-04-21,DIS,26403,121.66,18688636.0,-0.02336
2022-04-21,DIS,26403,121.66,18688636.0,-0.02336
2022-04-21,DIS,26403,121.66,18688636.0,-0.02336
2022-04-21,DIS,26403,121.66,18688636.0,-0.02336
2022-04-21,DIS,26403,121.66,18688636.0,-0.02336
2022-04-21,DIS,26403,121.66,18688636.0,-0.02336
2022-04-22,DIS,26403,118.27,19472838.0,-0.027865
2022-04-22,DIS,26403,118.27,19472838.0,-0.027865
2022-04-22,DIS,26403,118.27,19472838.0,-0.027865
2022-04-22,DIS,26403,118.27,19472838.0,-0.027865
2022-04-22,DIS,26403,118.27,19472838.0,-0.027865
2022-04-22,DIS,26403,118.27,19472838.0,-0.027865
2022-04-22,DIS,26403,118.27,19472838.0,-0.027865
2022-04-22,DIS,26403,118.27,19472838.0,-0.027865
2022-04-22,DIS,26403,118.27,19472838.0,-0.027865
2022-04-25,DIS,26403,119.95,16490965.0,0.014205
2022-04-25,DIS,26403,119.95,16490965.0,0.014205
2022-04-25,DIS,26403,119.95,16490965.0,0.014205
2022-04-25,DIS,26403,119.95,16490965.0,0.014205
2022-04-25,DIS,26403,119.95,16490965.0,0.014205
2022-04-25,DIS,26403,119.95,16490965.0,0.014205
2022-04-25,DIS,26403,119.95,16490965.0,0.014205
2022-04-25,DIS,26403,119.95,16490965.0,0.014205
2022-04-25,DIS,26403,119.95,16490965.0,0.014205
2022-04-26,DIS,26403,115.77,16116022.0,-0.034848
2022-04-26,DIS,26403,115.77,16116022.0,-0.034848
2022-04-26,DIS,26403,115.77,16116022.0,-0.034848
2022-04-26,DIS,26403,115.77,16116022.0,-0.034848
2022-04-26,DIS,26403,115.77,16116022.0,-0.034848
2022-04-26,DIS,26403,115.77,16116022.0,-0.034848
2022-04-26,DIS,26403,115.77,16116022.0,-0.034848
2022-04-26,DIS,26403,115.77,16116022.0,-0.034848
2022-04-26,DIS,26403,115.77,16116022.0,-0.034848
2022-04-27,DIS,26403,115.21,15553005.0,-0.004837
2022-04-27,DIS,26403,115.21,15553005.0,-0.004837
2022-04-27,DIS,26403,115.21,15553005.0,-0.004837
2022-04-27,DIS,26403,115.21,15553005.0,-0.004837
2022-04-27,DIS,26403,115.21,15553005.0,-0.004837
2022-04-27,DIS,26403,115.21,15553005.0,-0.004837
2022-04-27,DIS,26403,115.21,15553005.0,-0.004837
2022-04-27,DIS,26403,115.21,15553005.0,-0.004837
2022-04-27,DIS,26403,115.21,15553005.0,-0.004837
2022-04-28,DIS,26403,115.29,23192139.0,0.000694
2022-04-28,DIS,26403,115.29,23192139.0,0.000694
2022-04-28,DIS,26403,115.29,23192139.0,0.000694
2022-04-28,DIS,26403,115.29,23192139.0,0.000694
2022-04-28,DIS,26403,115.29,23192139.0,0.000694
2022-04-28,DIS,26403,115.29,23192139.0,0.000694
2022-04-28,DIS,26403,115.29,23192139.0,0.000694
2022-04-28,DIS,26403,115.29,23192139.0,0.000694
2022-04-28,DIS,26403,115.29,23192139.0,0.000694
2022-04-29,DIS,26403,111.63,16907020.0,-0.031746
2022-04-29,DIS,26403,111.63,16907020.0,-0.031746
2022-04-29,DIS,26403,111.63,16907020.0,-0.031746
2022-04-29,DIS,26403,111.63,16907020.0,-0.031746
2022-04-29,DIS,26403,111.63,16907020.0,-0.031746
2022-04-29,DIS,26403,111.63,16907020.0,-0.031746
2022-04-29,DIS,26403,111.63,16907020.0,-0.031746
2022-04-29,DIS,26403,111.63,16907020.0,-0.031746
2022-04-29,DIS,26403,111.63,16907020.0,-0.031746
2022-05-02,DIS,26403,113.5,14300708.0,0.016752
2022-05-02,DIS,26403,113.5,14300708.0,0.016752
2022-05-02,DIS,26403,113.5,14300708.0,0.016752
2022-05-02,DIS,26403,113.5,14300708.0,0.016752
2022-05-02,DIS,26403,113.5,14300708.0,0.016752
2022-05-02,DIS,26403,113.5,14300708.0,0.016752
2022-05-02,DIS,26403,113.5,14300708.0,0.016752
2022-05-02,DIS,26403,113.5,14300708.0,0.016752
2022-05-02,DIS,26403,113.5,14300708.0,0.016752
2022-05-03,DIS,26403,113.55,11149544.0,0.000441
2022-05-03,DIS,26403,113.55,11149544.0,0.000441
2022-05-03,DIS,26403,113.55,11149544.0,0.000441
2022-05-03,DIS,26403,113.55,11149544.0,0.000441
2022-05-03,DIS,26403,113.55,11149544.0,0.000441
2022-05-03,DIS,26403,113.55,11149544.0,0.000441
2022-05-03,DIS,26403,113.55,11149544.0,0.000441
2022-05-03,DIS,26403,113.55,11149544.0,0.000441
2022-05-03,DIS,26403,113.55,11149544.0,0.000441
2022-05-04,DIS,26403,116.19,11488272.0,0.02325
2022-05-04,DIS,26403,116.19,11488272.0,0.02325
2022-05-04,DIS,26403,116.19,11488272.0,0.02325
2022-05-04,DIS,26403,116.19,11488272.0,0.02325
2022-05-04,DIS,26403,116.19,11488272.0,0.02325
2022-05-04,DIS,26403,116.19,11488272.0,0.02325
2022-05-04,DIS,26403,116.19,11488272.0,0.02325
2022-05-04,DIS,26403,116.19,11488272.0,0.02325
2022-05-04,DIS,26403,116.19,11488272.0,0.02325
2022-05-05,DIS,26403,112.61,12720190.0,-0.030812
2022-05-05,DIS,26403,112.61,12720190.0,-0.030812
2022-05-05,DIS,26403,112.61,12720190.0,-0.030812
2022-05-05,DIS,26403,112.61,12720190.0,-0.030812
2022-05-05,DIS,26403,112.61,12720190.0,-0.030812
2022-05-05,DIS,26403,112.61,12720190.0,-0.030812
2022-05-05,DIS,26403,112.61,12720190.0,-0.030812
2022-05-05,DIS,26403,112.61,12720190.0,-0.030812
2022-05-05,DIS,26403,112.61,12720190.0,-0.030812
2022-05-06,DIS,26403,110.29,12525166.0,-0.020602
2022-05-06,DIS,26403,110.29,12525166.0,-0.020602
2022-05-06,DIS,26403,110.29,12525166.0,-0.020602
2022-05-06,DIS,26403,110.29,12525166.0,-0.020602
2022-05-06,DIS,26403,110.29,12525166.0,-0.020602
2022-05-06,DIS,26403,110.29,12525166.0,-0.020602
2022-05-06,DIS,26403,110.29,12525166.0,-0.020602
2022-05-06,DIS,26403,110.29,12525166.0,-0.020602
2022-05-06,DIS,26403,110.29,12525166.0,-0.020602
2022-05-09,DIS,26403,106.98,17941596.0,-0.030012
2022-05-09,DIS,26403,106.98,17941596.0,-0.030012
2022-05-09,DIS,26403,106.98,17941596.0,-0.030012
2022-05-09,DIS,26403,106.98,17941596.0,-0.030012
2022-05-09,DIS,26403,106.98,17941596.0,-0.030012
2022-05-09,DIS,26403,106.98,17941596.0,-0.030012
2022-05-09,DIS,26403,106.98,17941596.0,-0.030012
2022-05-09,DIS,26403,106.98,17941596.0,-0.030012
2022-05-09,DIS,26403,106.98,17941596.0,-0.030012
2022-05-10,DIS,26403,107.68,15657721.0,0.006543
2022-05-10,DIS,26403,107.68,15657721.0,0.006543
2022-05-10,DIS,26403,107.68,15657721.0,0.006543
2022-05-10,DIS,26403,107.68,15657721.0,0.006543
2022-05-10,DIS,26403,107.68,15657721.0,0.006543
2022-05-10,DIS,26403,107.68,15657721.0,0.006543
2022-05-10,DIS,26403,107.68,15657721.0,0.006543
2022-05-10,DIS,26403,107.68,15657721.0,0.006543
2022-05-10,DIS,26403,107.68,15657721.0,0.006543
2022-05-11,DIS,26403,105.21,26933332.0,-0.022938
2022-05-11,DIS,26403,105.21,26933332.0,-0.022938
2022-05-11,DIS,26403,105.21,26933332.0,-0.022938
2022-05-11,DIS,26403,105.21,26933332.0,-0.022938
2022-05-11,DIS,26403,105.21,26933332.0,-0.022938
2022-05-11,DIS,26403,105.21,26933332.0,-0.022938
2022-05-11,DIS,26403,105.21,26933332.0,-0.022938
2022-05-11,DIS,26403,105.21,26933332.0,-0.022938
2022-05-11,DIS,26403,105.21,26933332.0,-0.022938
2022-05-12,DIS,26403,104.31,36298829.0,-0.008554
2022-05-12,DIS,26403,104.31,36298829.0,-0.008554
2022-05-12,DIS,26403,104.31,36298829.0,-0.008554
2022-05-12,DIS,26403,104.31,36298829.0,-0.008554
2022-05-12,DIS,26403,104.31,36298829.0,-0.008554
2022-05-12,DIS,26403,104.31,36298829.0,-0.008554
2022-05-12,DIS,26403,104.31,36298829.0,-0.008554
2022-05-12,DIS,26403,104.31,36298829.0,-0.008554
2022-05-12,DIS,26403,104.31,36298829.0,-0.008554
2022-05-13,DIS,26403,107.33,16782625.0,0.028952
2022-05-13,DIS,26403,107.33,16782625.0,0.028952
2022-05-13,DIS,26403,107.33,16782625.0,0.028952
2022-05-13,DIS,26403,107.33,16782625.0,0.028952
2022-05-13,DIS,26403,107.33,16782625.0,0.028952
2022-05-13,DIS,26403,107.33,16782625.0,0.028952
2022-05-13,DIS,26403,107.33,16782625.0,0.028952
2022-05-13,DIS,26403,107.33,16782625.0,0.028952
2022-05-13,DIS,26403,107.33,16782625.0,0.028952
2022-05-16,DIS,26403,105.18,11993642.0,-0.020032
2022-05-16,DIS,26403,105.18,11993642.0,-0.020032
2022-05-16,DIS,26403,105.18,11993642.0,-0.020032
2022-05-16,DIS,26403,105.18,11993642.0,-0.020032
2022-05-16,DIS,26403,105.18,11993642.0,-0.020032
2022-05-16,DIS,26403,105.18,11993642.0,-0.020032
2022-05-16,DIS,26403,105.18,11993642.0,-0.020032
2022-05-16,DIS,26403,105.18,11993642.0,-0.020032
2022-05-16,DIS,26403,105.18,11993642.0,-0.020032
2022-05-17,DIS,26403,108.64,11847643.0,0.032896
2022-05-17,DIS,26403,108.64,11847643.0,0.032896
2022-05-17,DIS,26403,108.64,11847643.0,0.032896
2022-05-17,DIS,26403,108.64,11847643.0,0.032896
2022-05-17,DIS,26403,108.64,11847643.0,0.032896
2022-05-17,DIS,26403,108.64,11847643.0,0.032896
2022-05-17,DIS,26403,108.64,11847643.0,0.032896
2022-05-17,DIS,26403,108.64,11847643.0,0.032896
2022-05-17,DIS,26403,108.64,11847643.0,0.032896
2022-05-18,DIS,26403,104.3,11793977.0,-0.039948
2022-05-18,DIS,26403,104.3,11793977.0,-0.039948
2022-05-18,DIS,26403,104.3,11793977.0,-0.039948
2022-05-18,DIS,26403,104.3,11793977.0,-0.039948
2022-05-18,DIS,26403,104.3,11793977.0,-0.039948
2022-05-18,DIS,26403,104.3,11793977.0,-0.039948
2022-05-18,DIS,26403,104.3,11793977.0,-0.039948
2022-05-18,DIS,26403,104.3,11793977.0,-0.039948
2022-05-18,DIS,26403,104.3,11793977.0,-0.039948
2022-05-19,DIS,26403,103.14,11284951.0,-0.011122
2022-05-19,DIS,26403,103.14,11284951.0,-0.011122
2022-05-19,DIS,26403,103.14,11284951.0,-0.011122
2022-05-19,DIS,26403,103.14,11284951.0,-0.011122
2022-05-19,DIS,26403,103.14,11284951.0,-0.011122
2022-05-19,DIS,26403,103.14,11284951.0,-0.011122
2022-05-19,DIS,26403,103.14,11284951.0,-0.011122
2022-05-19,DIS,26403,103.14,11284951.0,-0.011122
2022-05-19,DIS,26403,103.14,11284951.0,-0.011122
2022-05-20,DIS,26403,102.42,15650431.0,-0.006981
2022-05-20,DIS,26403,102.42,15650431.0,-0.006981
2022-05-20,DIS,26403,102.42,15650431.0,-0.006981
2022-05-20,DIS,26403,102.42,15650431.0,-0.006981
2022-05-20,DIS,26403,102.42,15650431.0,-0.006981
2022-05-20,DIS,26403,102.42,15650431.0,-0.006981
2022-05-20,DIS,26403,102.42,15650431.0,-0.006981
2022-05-20,DIS,26403,102.42,15650431.0,-0.006981
2022-05-20,DIS,26403,102.42,15650431.0,-0.006981
2022-05-23,DIS,26403,105.83,14402432.0,0.033294
2022-05-23,DIS,26403,105.83,14402432.0,0.033294
2022-05-23,DIS,26403,105.83,14402432.0,0.033294
2022-05-23,DIS,26403,105.83,14402432.0,0.033294
2022-05-23,DIS,26403,105.83,14402432.0,0.033294
2022-05-23,DIS,26403,105.83,14402432.0,0.033294
2022-05-23,DIS,26403,105.83,14402432.0,0.033294
2022-05-23,DIS,26403,105.83,14402432.0,0.033294
2022-05-23,DIS,26403,105.83,14402432.0,0.033294
2022-05-24,DIS,26403,101.59,13970239.0,-0.040064
2022-05-24,DIS,26403,101.59,13970239.0,-0.040064
2022-05-24,DIS,26403,101.59,13970239.0,-0.040064
2022-05-24,DIS,26403,101.59,13970239.0,-0.040064
2022-05-24,DIS,26403,101.59,13970239.0,-0.040064
2022-05-24,DIS,26403,101.59,13970239.0,-0.040064
2022-05-24,DIS,26403,101.59,13970239.0,-0.040064
2022-05-24,DIS,26403,101.59,13970239.0,-0.040064
2022-05-24,DIS,26403,101.59,13970239.0,-0.040064
2022-05-25,DIS,26403,103.26,11026597.0,0.016439
2022-05-25,DIS,26403,103.26,11026597.0,0.016439
2022-05-25,DIS,26403,103.26,11026597.0,0.016439
2022-05-25,DIS,26403,103.26,11026597.0,0.016439
2022-05-25,DIS,26403,103.26,11026597.0,0.016439
2022-05-25,DIS,26403,103.26,11026597.0,0.016439
2022-05-25,DIS,26403,103.26,11026597.0,0.016439
2022-05-25,DIS,26403,103.26,11026597.0,0.016439
2022-05-25,DIS,26403,103.26,11026597.0,0.016439
2022-05-26,DIS,26403,105.61,11297797.0,0.022758
2022-05-26,DIS,26403,105.61,11297797.0,0.022758
2022-05-26,DIS,26403,105.61,11297797.0,0.022758
2022-05-26,DIS,26403,105.61,11297797.0,0.022758
2022-05-26,DIS,26403,105.61,11297797.0,0.022758
2022-05-26,DIS,26403,105.61,11297797.0,0.022758
2022-05-26,DIS,26403,105.61,11297797.0,0.022758
2022-05-26,DIS,26403,105.61,11297797.0,0.022758
2022-05-26,DIS,26403,105.61,11297797.0,0.022758
2022-05-27,DIS,26403,109.32,13671313.0,0.035129
2022-05-27,DIS,26403,109.32,13671313.0,0.035129
2022-05-27,DIS,26403,109.32,13671313.0,0.035129
2022-05-27,DIS,26403,109.32,13671313.0,0.035129
2022-05-27,DIS,26403,109.32,13671313.0,0.035129
2022-05-27,DIS,26403,109.32,13671313.0,0.035129
2022-05-27,DIS,26403,109.32,13671313.0,0.035129
2022-05-27,DIS,26403,109.32,13671313.0,0.035129
2022-05-27,DIS,26403,109.32,13671313.0,0.035129
2022-05-31,DIS,26403,110.44,20274632.0,0.010245
2022-05-31,DIS,26403,110.44,20274632.0,0.010245
2022-05-31,DIS,26403,110.44,20274632.0,0.010245
2022-05-31,DIS,26403,110.44,20274632.0,0.010245
2022-05-31,DIS,26403,110.44,20274632.0,0.010245
2022-05-31,DIS,26403,110.44,20274632.0,0.010245
2022-05-31,DIS,26403,110.44,20274632.0,0.010245
2022-05-31,DIS,26403,110.44,20274632.0,0.010245
2022-05-31,DIS,26403,110.44,20274632.0,0.010245
2022-06-01,DIS,26403,109.19,11829744.0,-0.011318
2022-06-01,DIS,26403,109.19,11829744.0,-0.011318
2022-06-01,DIS,26403,109.19,11829744.0,-0.011318
2022-06-01,DIS,26403,109.19,11829744.0,-0.011318
2022-06-01,DIS,26403,109.19,11829744.0,-0.011318
2022-06-01,DIS,26403,109.19,11829744.0,-0.011318
2022-06-01,DIS,26403,109.19,11829744.0,-0.011318
2022-06-01,DIS,26403,109.19,11829744.0,-0.011318
2022-06-01,DIS,26403,109.19,11829744.0,-0.011318
2022-06-02,DIS,26403,110.87,8829877.0,0.015386
2022-06-02,DIS,26403,110.87,8829877.0,0.015386
2022-06-02,DIS,26403,110.87,8829877.0,0.015386
2022-06-02,DIS,26403,110.87,8829877.0,0.015386
2022-06-02,DIS,26403,110.87,8829877.0,0.015386
2022-06-02,DIS,26403,110.87,8829877.0,0.015386
2022-06-02,DIS,26403,110.87,8829877.0,0.015386
2022-06-02,DIS,26403,110.87,8829877.0,0.015386
2022-06-02,DIS,26403,110.87,8829877.0,0.015386
2022-06-03,DIS,26403,108.67,6767601.0,-0.019843
2022-06-03,DIS,26403,108.67,6767601.0,-0.019843
2022-06-03,DIS,26403,108.67,6767601.0,-0.019843
2022-06-03,DIS,26403,108.67,6767601.0,-0.019843
2022-06-03,DIS,26403,108.67,6767601.0,-0.019843
2022-06-03,DIS,26403,108.67,6767601.0,-0.019843
2022-06-03,DIS,26403,108.67,6767601.0,-0.019843
2022-06-03,DIS,26403,108.67,6767601.0,-0.019843
2022-06-03,DIS,26403,108.67,6767601.0,-0.019843
2022-06-06,DIS,26403,107.83,7575890.0,-0.00773
2022-06-06,DIS,26403,107.83,7575890.0,-0.00773
2022-06-06,DIS,26403,107.83,7575890.0,-0.00773
2022-06-06,DIS,26403,107.83,7575890.0,-0.00773
2022-06-06,DIS,26403,107.83,7575890.0,-0.00773
2022-06-06,DIS,26403,107.83,7575890.0,-0.00773
2022-06-06,DIS,26403,107.83,7575890.0,-0.00773
2022-06-06,DIS,26403,107.83,7575890.0,-0.00773
2022-06-06,DIS,26403,107.83,7575890.0,-0.00773
2022-06-07,DIS,26403,107.79,7279062.0,-0.000371
2022-06-07,DIS,26403,107.79,7279062.0,-0.000371
2022-06-07,DIS,26403,107.79,7279062.0,-0.000371
2022-06-07,DIS,26403,107.79,7279062.0,-0.000371
2022-06-07,DIS,26403,107.79,7279062.0,-0.000371
2022-06-07,DIS,26403,107.79,7279062.0,-0.000371
2022-06-07,DIS,26403,107.79,7279062.0,-0.000371
2022-06-07,DIS,26403,107.79,7279062.0,-0.000371
2022-06-07,DIS,26403,107.79,7279062.0,-0.000371
2022-06-08,DIS,26403,107.34,7019489.0,-0.004175
2022-06-08,DIS,26403,107.34,7019489.0,-0.004175
2022-06-08,DIS,26403,107.34,7019489.0,-0.004175
2022-06-08,DIS,26403,107.34,7019489.0,-0.004175
2022-06-08,DIS,26403,107.34,7019489.0,-0.004175
2022-06-08,DIS,26403,107.34,7019489.0,-0.004175
2022-06-08,DIS,26403,107.34,7019489.0,-0.004175
2022-06-08,DIS,26403,107.34,7019489.0,-0.004175
2022-06-08,DIS,26403,107.34,7019489.0,-0.004175
2022-06-09,DIS,26403,103.3,8271206.0,-0.037637
2022-06-09,DIS,26403,103.3,8271206.0,-0.037637
2022-06-09,DIS,26403,103.3,8271206.0,-0.037637
2022-06-09,DIS,26403,103.3,8271206.0,-0.037637
2022-06-09,DIS,26403,103.3,8271206.0,-0.037637
2022-06-09,DIS,26403,103.3,8271206.0,-0.037637
2022-06-09,DIS,26403,103.3,8271206.0,-0.037637
2022-06-09,DIS,26403,103.3,8271206.0,-0.037637
2022-06-09,DIS,26403,103.3,8271206.0,-0.037637
2022-06-10,DIS,26403,99.4,15386009.0,-0.037754
2022-06-10,DIS,26403,99.4,15386009.0,-0.037754
2022-06-10,DIS,26403,99.4,15386009.0,-0.037754
2022-06-10,DIS,26403,99.4,15386009.0,-0.037754
2022-06-10,DIS,26403,99.4,15386009.0,-0.037754
2022-06-10,DIS,26403,99.4,15386009.0,-0.037754
2022-06-10,DIS,26403,99.4,15386009.0,-0.037754
2022-06-10,DIS,26403,99.4,15386009.0,-0.037754
2022-06-10,DIS,26403,99.4,15386009.0,-0.037754
2022-06-13,DIS,26403,95.71,15239650.0,-0.037123
2022-06-13,DIS,26403,95.71,15239650.0,-0.037123
2022-06-13,DIS,26403,95.71,15239650.0,-0.037123
2022-06-13,DIS,26403,95.71,15239650.0,-0.037123
2022-06-13,DIS,26403,95.71,15239650.0,-0.037123
2022-06-13,DIS,26403,95.71,15239650.0,-0.037123
2022-06-13,DIS,26403,95.71,15239650.0,-0.037123
2022-06-13,DIS,26403,95.71,15239650.0,-0.037123
2022-06-13,DIS,26403,95.71,15239650.0,-0.037123
2022-06-14,DIS,26403,94.22,12443662.0,-0.015568
2022-06-14,DIS,26403,94.22,12443662.0,-0.015568
2022-06-14,DIS,26403,94.22,12443662.0,-0.015568
2022-06-14,DIS,26403,94.22,12443662.0,-0.015568
2022-06-14,DIS,26403,94.22,12443662.0,-0.015568
2022-06-14,DIS,26403,94.22,12443662.0,-0.015568
2022-06-14,DIS,26403,94.22,12443662.0,-0.015568
2022-06-14,DIS,26403,94.22,12443662.0,-0.015568
2022-06-14,DIS,26403,94.22,12443662.0,-0.015568
2022-06-15,DIS,26403,95.88,11751580.0,0.017618
2022-06-15,DIS,26403,95.88,11751580.0,0.017618
2022-06-15,DIS,26403,95.88,11751580.0,0.017618
2022-06-15,DIS,26403,95.88,11751580.0,0.017618
2022-06-15,DIS,26403,95.88,11751580.0,0.017618
2022-06-15,DIS,26403,95.88,11751580.0,0.017618
2022-06-15,DIS,26403,95.88,11751580.0,0.017618
2022-06-15,DIS,26403,95.88,11751580.0,0.017618
2022-06-15,DIS,26403,95.88,11751580.0,0.017618
2022-06-16,DIS,26403,94.28,15298482.0,-0.016688
2022-06-16,DIS,26403,94.28,15298482.0,-0.016688
2022-06-16,DIS,26403,94.28,15298482.0,-0.016688
2022-06-16,DIS,26403,94.28,15298482.0,-0.016688
2022-06-16,DIS,26403,94.28,15298482.0,-0.016688
2022-06-16,DIS,26403,94.28,15298482.0,-0.016688
2022-06-16,DIS,26403,94.28,15298482.0,-0.016688
2022-06-16,DIS,26403,94.28,15298482.0,-0.016688
2022-06-16,DIS,26403,94.28,15298482.0,-0.016688
2022-06-17,DIS,26403,94.34,15403769.0,0.000636
2022-06-17,DIS,26403,94.34,15403769.0,0.000636
2022-06-17,DIS,26403,94.34,15403769.0,0.000636
2022-06-17,DIS,26403,94.34,15403769.0,0.000636
2022-06-17,DIS,26403,94.34,15403769.0,0.000636
2022-06-17,DIS,26403,94.34,15403769.0,0.000636
2022-06-17,DIS,26403,94.34,15403769.0,0.000636
2022-06-17,DIS,26403,94.34,15403769.0,0.000636
2022-06-17,DIS,26403,94.34,15403769.0,0.000636
2022-06-21,DIS,26403,93.29,16649792.0,-0.01113
2022-06-21,DIS,26403,93.29,16649792.0,-0.01113
2022-06-21,DIS,26403,93.29,16649792.0,-0.01113
2022-06-21,DIS,26403,93.29,16649792.0,-0.01113
2022-06-21,DIS,26403,93.29,16649792.0,-0.01113
2022-06-21,DIS,26403,93.29,16649792.0,-0.01113
2022-06-21,DIS,26403,93.29,16649792.0,-0.01113
2022-06-21,DIS,26403,93.29,16649792.0,-0.01113
2022-06-21,DIS,26403,93.29,16649792.0,-0.01113
2022-06-22,DIS,26403,93.5,11415080.0,0.002251
2022-06-22,DIS,26403,93.5,11415080.0,0.002251
2022-06-22,DIS,26403,93.5,11415080.0,0.002251
2022-06-22,DIS,26403,93.5,11415080.0,0.002251
2022-06-22,DIS,26403,93.5,11415080.0,0.002251
2022-06-22,DIS,26403,93.5,11415080.0,0.002251
2022-06-22,DIS,26403,93.5,11415080.0,0.002251
2022-06-22,DIS,26403,93.5,11415080.0,0.002251
2022-06-22,DIS,26403,93.5,11415080.0,0.002251
2022-06-23,DIS,26403,94.3,11348816.0,0.008556
2022-06-23,DIS,26403,94.3,11348816.0,0.008556
2022-06-23,DIS,26403,94.3,11348816.0,0.008556
2022-06-23,DIS,26403,94.3,11348816.0,0.008556
2022-06-23,DIS,26403,94.3,11348816.0,0.008556
2022-06-23,DIS,26403,94.3,11348816.0,0.008556
2022-06-23,DIS,26403,94.3,11348816.0,0.008556
2022-06-23,DIS,26403,94.3,11348816.0,0.008556
2022-06-23,DIS,26403,94.3,11348816.0,0.008556
2022-06-24,DIS,26403,97.78,11681152.0,0.036904
2022-06-24,DIS,26403,97.78,11681152.0,0.036904
2022-06-24,DIS,26403,97.78,11681152.0,0.036904
2022-06-24,DIS,26403,97.78,11681152.0,0.036904
2022-06-24,DIS,26403,97.78,11681152.0,0.036904
2022-06-24,DIS,26403,97.78,11681152.0,0.036904
2022-06-24,DIS,26403,97.78,11681152.0,0.036904
2022-06-24,DIS,26403,97.78,11681152.0,0.036904
2022-06-24,DIS,26403,97.78,11681152.0,0.036904
2022-06-27,DIS,26403,96.61,10793748.0,-0.011966
2022-06-27,DIS,26403,96.61,10793748.0,-0.011966
2022-06-27,DIS,26403,96.61,10793748.0,-0.011966
2022-06-27,DIS,26403,96.61,10793748.0,-0.011966
2022-06-27,DIS,26403,96.61,10793748.0,-0.011966
2022-06-27,DIS,26403,96.61,10793748.0,-0.011966
2022-06-27,DIS,26403,96.61,10793748.0,-0.011966
2022-06-27,DIS,26403,96.61,10793748.0,-0.011966
2022-06-27,DIS,26403,96.61,10793748.0,-0.011966
2022-06-28,DIS,26403,95.92,16838236.0,-0.007142
2022-06-28,DIS,26403,95.92,16838236.0,-0.007142
2022-06-28,DIS,26403,95.92,16838236.0,-0.007142
2022-06-28,DIS,26403,95.92,16838236.0,-0.007142
2022-06-28,DIS,26403,95.92,16838236.0,-0.007142
2022-06-28,DIS,26403,95.92,16838236.0,-0.007142
2022-06-28,DIS,26403,95.92,16838236.0,-0.007142
2022-06-28,DIS,26403,95.92,16838236.0,-0.007142
2022-06-28,DIS,26403,95.92,16838236.0,-0.007142
2022-06-29,DIS,26403,95.65,8653197.0,-0.002815
2022-06-29,DIS,26403,95.65,8653197.0,-0.002815
2022-06-29,DIS,26403,95.65,8653197.0,-0.002815
2022-06-29,DIS,26403,95.65,8653197.0,-0.002815
2022-06-29,DIS,26403,95.65,8653197.0,-0.002815
2022-06-29,DIS,26403,95.65,8653197.0,-0.002815
2022-06-29,DIS,26403,95.65,8653197.0,-0.002815
2022-06-29,DIS,26403,95.65,8653197.0,-0.002815
2022-06-29,DIS,26403,95.65,8653197.0,-0.002815
2022-06-30,DIS,26403,94.4,10983520.0,-0.013069
2022-06-30,DIS,26403,94.4,10983520.0,-0.013069
2022-06-30,DIS,26403,94.4,10983520.0,-0.013069
2022-06-30,DIS,26403,94.4,10983520.0,-0.013069
2022-06-30,DIS,26403,94.4,10983520.0,-0.013069
2022-06-30,DIS,26403,94.4,10983520.0,-0.013069
2022-06-30,DIS,26403,94.4,10983520.0,-0.013069
2022-06-30,DIS,26403,94.4,10983520.0,-0.013069
2022-06-30,DIS,26403,94.4,10983520.0,-0.013069
2022-07-01,DIS,26403,96.14,10543380.0,0.018432
2022-07-01,DIS,26403,96.14,10543380.0,0.018432
2022-07-01,DIS,26403,96.14,10543380.0,0.018432
2022-07-01,DIS,26403,96.14,10543380.0,0.018432
2022-07-01,DIS,26403,96.14,10543380.0,0.018432
2022-07-01,DIS,26403,96.14,10543380.0,0.018432
2022-07-01,DIS,26403,96.14,10543380.0,0.018432
2022-07-01,DIS,26403,96.14,10543380.0,0.018432
2022-07-01,DIS,26403,96.14,10543380.0,0.018432
2022-07-05,DIS,26403,97.18,10674623.0,0.010818
2022-07-05,DIS,26403,97.18,10674623.0,0.010818
2022-07-05,DIS,26403,97.18,10674623.0,0.010818
2022-07-05,DIS,26403,97.18,10674623.0,0.010818
2022-07-05,DIS,26403,97.18,10674623.0,0.010818
2022-07-05,DIS,26403,97.18,10674623.0,0.010818
2022-07-05,DIS,26403,97.18,10674623.0,0.010818
2022-07-05,DIS,26403,97.18,10674623.0,0.010818
2022-07-05,DIS,26403,97.18,10674623.0,0.010818
2022-07-06,DIS,26403,96.08,8640229.0,-0.011319
2022-07-06,DIS,26403,96.08,8640229.0,-0.011319
2022-07-06,DIS,26403,96.08,8640229.0,-0.011319
2022-07-06,DIS,26403,96.08,8640229.0,-0.011319
2022-07-06,DIS,26403,96.08,8640229.0,-0.011319
2022-07-06,DIS,26403,96.08,8640229.0,-0.011319
2022-07-06,DIS,26403,96.08,8640229.0,-0.011319
2022-07-06,DIS,26403,96.08,8640229.0,-0.011319
2022-07-06,DIS,26403,96.08,8640229.0,-0.011319
2022-07-07,DIS,26403,97.43,7813050.0,0.014051
2022-07-07,DIS,26403,97.43,7813050.0,0.014051
2022-07-07,DIS,26403,97.43,7813050.0,0.014051
2022-07-07,DIS,26403,97.43,7813050.0,0.014051
2022-07-07,DIS,26403,97.43,7813050.0,0.014051
2022-07-07,DIS,26403,97.43,7813050.0,0.014051
2022-07-07,DIS,26403,97.43,7813050.0,0.014051
2022-07-07,DIS,26403,97.43,7813050.0,0.014051
2022-07-07,DIS,26403,97.43,7813050.0,0.014051
2022-07-08,DIS,26403,95.86,7717297.0,-0.016114
2022-07-08,DIS,26403,95.86,7717297.0,-0.016114
2022-07-08,DIS,26403,95.86,7717297.0,-0.016114
2022-07-08,DIS,26403,95.86,7717297.0,-0.016114
2022-07-08,DIS,26403,95.86,7717297.0,-0.016114
2022-07-08,DIS,26403,95.86,7717297.0,-0.016114
2022-07-08,DIS,26403,95.86,7717297.0,-0.016114
2022-07-08,DIS,26403,95.86,7717297.0,-0.016114
2022-07-08,DIS,26403,95.86,7717297.0,-0.016114
2022-07-11,DIS,26403,93.64,7650632.0,-0.023159
2022-07-11,DIS,26403,93.64,7650632.0,-0.023159
2022-07-11,DIS,26403,93.64,7650632.0,-0.023159
2022-07-11,DIS,26403,93.64,7650632.0,-0.023159
2022-07-11,DIS,26403,93.64,7650632.0,-0.023159
2022-07-11,DIS,26403,93.64,7650632.0,-0.023159
2022-07-11,DIS,26403,93.64,7650632.0,-0.023159
2022-07-11,DIS,26403,93.64,7650632.0,-0.023159
2022-07-11,DIS,26403,93.64,7650632.0,-0.023159
2022-07-12,DIS,26403,93.6,8665299.0,-0.000427
2022-07-12,DIS,26403,93.6,8665299.0,-0.000427
2022-07-12,DIS,26403,93.6,8665299.0,-0.000427
2022-07-12,DIS,26403,93.6,8665299.0,-0.000427
2022-07-12,DIS,26403,93.6,8665299.0,-0.000427
2022-07-12,DIS,26403,93.6,8665299.0,-0.000427
2022-07-12,DIS,26403,93.6,8665299.0,-0.000427
2022-07-12,DIS,26403,93.6,8665299.0,-0.000427
2022-07-12,DIS,26403,93.6,8665299.0,-0.000427
2022-07-13,DIS,26403,92.94,12006434.0,-0.007051
2022-07-13,DIS,26403,92.94,12006434.0,-0.007051
2022-07-13,DIS,26403,92.94,12006434.0,-0.007051
2022-07-13,DIS,26403,92.94,12006434.0,-0.007051
2022-07-13,DIS,26403,92.94,12006434.0,-0.007051
2022-07-13,DIS,26403,92.94,12006434.0,-0.007051
2022-07-13,DIS,26403,92.94,12006434.0,-0.007051
2022-07-13,DIS,26403,92.94,12006434.0,-0.007051
2022-07-13,DIS,26403,92.94,12006434.0,-0.007051
2022-07-14,DIS,26403,91.84,11146426.0,-0.011836
2022-07-14,DIS,26403,91.84,11146426.0,-0.011836
2022-07-14,DIS,26403,91.84,11146426.0,-0.011836
2022-07-14,DIS,26403,91.84,11146426.0,-0.011836
2022-07-14,DIS,26403,91.84,11146426.0,-0.011836
2022-07-14,DIS,26403,91.84,11146426.0,-0.011836
2022-07-14,DIS,26403,91.84,11146426.0,-0.011836
2022-07-14,DIS,26403,91.84,11146426.0,-0.011836
2022-07-14,DIS,26403,91.84,11146426.0,-0.011836
2022-07-15,DIS,26403,95.2,14946733.0,0.036585
2022-07-15,DIS,26403,95.2,14946733.0,0.036585
2022-07-15,DIS,26403,95.2,14946733.0,0.036585
2022-07-15,DIS,26403,95.2,14946733.0,0.036585
2022-07-15,DIS,26403,95.2,14946733.0,0.036585
2022-07-15,DIS,26403,95.2,14946733.0,0.036585
2022-07-15,DIS,26403,95.2,14946733.0,0.036585
2022-07-15,DIS,26403,95.2,14946733.0,0.036585
2022-07-15,DIS,26403,95.2,14946733.0,0.036585
2022-07-18,DIS,26403,95.7,10430405.0,0.005252
2022-07-18,DIS,26403,95.7,10430405.0,0.005252
2022-07-18,DIS,26403,95.7,10430405.0,0.005252
2022-07-18,DIS,26403,95.7,10430405.0,0.005252
2022-07-18,DIS,26403,95.7,10430405.0,0.005252
2022-07-18,DIS,26403,95.7,10430405.0,0.005252
2022-07-18,DIS,26403,95.7,10430405.0,0.005252
2022-07-18,DIS,26403,95.7,10430405.0,0.005252
2022-07-18,DIS,26403,95.7,10430405.0,0.005252
2022-07-19,DIS,26403,99.61,13683360.0,0.040857
2022-07-19,DIS,26403,99.61,13683360.0,0.040857
2022-07-19,DIS,26403,99.61,13683360.0,0.040857
2022-07-19,DIS,26403,99.61,13683360.0,0.040857
2022-07-19,DIS,26403,99.61,13683360.0,0.040857
2022-07-19,DIS,26403,99.61,13683360.0,0.040857
2022-07-19,DIS,26403,99.61,13683360.0,0.040857
2022-07-19,DIS,26403,99.61,13683360.0,0.040857
2022-07-19,DIS,26403,99.61,13683360.0,0.040857
2022-07-20,DIS,26403,103.35,15112718.0,0.037546
2022-07-20,DIS,26403,103.35,15112718.0,0.037546
2022-07-20,DIS,26403,103.35,15112718.0,0.037546
2022-07-20,DIS,26403,103.35,15112718.0,0.037546
2022-07-20,DIS,26403,103.35,15112718.0,0.037546
2022-07-20,DIS,26403,103.35,15112718.0,0.037546
2022-07-20,DIS,26403,103.35,15112718.0,0.037546
2022-07-20,DIS,26403,103.35,15112718.0,0.037546
2022-07-20,DIS,26403,103.35,15112718.0,0.037546
2022-07-21,DIS,26403,104.18,8611311.0,0.008031
2022-07-21,DIS,26403,104.18,8611311.0,0.008031
2022-07-21,DIS,26403,104.18,8611311.0,0.008031
2022-07-21,DIS,26403,104.18,8611311.0,0.008031
2022-07-21,DIS,26403,104.18,8611311.0,0.008031
2022-07-21,DIS,26403,104.18,8611311.0,0.008031
2022-07-21,DIS,26403,104.18,8611311.0,0.008031
2022-07-21,DIS,26403,104.18,8611311.0,0.008031
2022-07-21,DIS,26403,104.18,8611311.0,0.008031
2022-07-22,DIS,26403,102.72,7803460.0,-0.014014
2022-07-22,DIS,26403,102.72,7803460.0,-0.014014
2022-07-22,DIS,26403,102.72,7803460.0,-0.014014
2022-07-22,DIS,26403,102.72,7803460.0,-0.014014
2022-07-22,DIS,26403,102.72,7803460.0,-0.014014
2022-07-22,DIS,26403,102.72,7803460.0,-0.014014
2022-07-22,DIS,26403,102.72,7803460.0,-0.014014
2022-07-22,DIS,26403,102.72,7803460.0,-0.014014
2022-07-22,DIS,26403,102.72,7803460.0,-0.014014
2022-07-25,DIS,26403,102.69,6726685.0,-0.000292
2022-07-25,DIS,26403,102.69,6726685.0,-0.000292
2022-07-25,DIS,26403,102.69,6726685.0,-0.000292
2022-07-25,DIS,26403,102.69,6726685.0,-0.000292
2022-07-25,DIS,26403,102.69,6726685.0,-0.000292
2022-07-25,DIS,26403,102.69,6726685.0,-0.000292
2022-07-25,DIS,26403,102.69,6726685.0,-0.000292
2022-07-25,DIS,26403,102.69,6726685.0,-0.000292
2022-07-25,DIS,26403,102.69,6726685.0,-0.000292
2022-07-26,DIS,26403,99.78,6346629.0,-0.028338
2022-07-26,DIS,26403,99.78,6346629.0,-0.028338
2022-07-26,DIS,26403,99.78,6346629.0,-0.028338
2022-07-26,DIS,26403,99.78,6346629.0,-0.028338
2022-07-26,DIS,26403,99.78,6346629.0,-0.028338
2022-07-26,DIS,26403,99.78,6346629.0,-0.028338
2022-07-26,DIS,26403,99.78,6346629.0,-0.028338
2022-07-26,DIS,26403,99.78,6346629.0,-0.028338
2022-07-26,DIS,26403,99.78,6346629.0,-0.028338
2022-07-27,DIS,26403,103.5,9445183.0,0.037282
2022-07-27,DIS,26403,103.5,9445183.0,0.037282
2022-07-27,DIS,26403,103.5,9445183.0,0.037282
2022-07-27,DIS,26403,103.5,9445183.0,0.037282
2022-07-27,DIS,26403,103.5,9445183.0,0.037282
2022-07-27,DIS,26403,103.5,9445183.0,0.037282
2022-07-27,DIS,26403,103.5,9445183.0,0.037282
2022-07-27,DIS,26403,103.5,9445183.0,0.037282
2022-07-27,DIS,26403,103.5,9445183.0,0.037282
2022-07-28,DIS,26403,104.9,7970282.0,0.013527
2022-07-28,DIS,26403,104.9,7970282.0,0.013527
2022-07-28,DIS,26403,104.9,7970282.0,0.013527
2022-07-28,DIS,26403,104.9,7970282.0,0.013527
2022-07-28,DIS,26403,104.9,7970282.0,0.013527
2022-07-28,DIS,26403,104.9,7970282.0,0.013527
2022-07-28,DIS,26403,104.9,7970282.0,0.013527
2022-07-28,DIS,26403,104.9,7970282.0,0.013527
2022-07-28,DIS,26403,104.9,7970282.0,0.013527
2022-07-29,DIS,26403,106.1,10320043.0,0.011439
2022-07-29,DIS,26403,106.1,10320043.0,0.011439
2022-07-29,DIS,26403,106.1,10320043.0,0.011439
2022-07-29,DIS,26403,106.1,10320043.0,0.011439
2022-07-29,DIS,26403,106.1,10320043.0,0.011439
2022-07-29,DIS,26403,106.1,10320043.0,0.011439
2022-07-29,DIS,26403,106.1,10320043.0,0.011439
2022-07-29,DIS,26403,106.1,10320043.0,0.011439
2022-07-29,DIS,26403,106.1,10320043.0,0.011439
2022-08-01,DIS,26403,106.22,7769658.0,0.001131
2022-08-01,DIS,26403,106.22,7769658.0,0.001131
2022-08-01,DIS,26403,106.22,7769658.0,0.001131
2022-08-01,DIS,26403,106.22,7769658.0,0.001131
2022-08-01,DIS,26403,106.22,7769658.0,0.001131
2022-08-01,DIS,26403,106.22,7769658.0,0.001131
2022-08-01,DIS,26403,106.22,7769658.0,0.001131
2022-08-01,DIS,26403,106.22,7769658.0,0.001131
2022-08-01,DIS,26403,106.22,7769658.0,0.001131
2022-08-02,DIS,26403,104.71,9093020.0,-0.014216
2022-08-02,DIS,26403,104.71,9093020.0,-0.014216
2022-08-02,DIS,26403,104.71,9093020.0,-0.014216
2022-08-02,DIS,26403,104.71,9093020.0,-0.014216
2022-08-02,DIS,26403,104.71,9093020.0,-0.014216
2022-08-02,DIS,26403,104.71,9093020.0,-0.014216
2022-08-02,DIS,26403,104.71,9093020.0,-0.014216
2022-08-02,DIS,26403,104.71,9093020.0,-0.014216
2022-08-02,DIS,26403,104.71,9093020.0,-0.014216
2022-08-03,DIS,26403,109.02,11243033.0,0.041161
2022-08-03,DIS,26403,109.02,11243033.0,0.041161
2022-08-03,DIS,26403,109.02,11243033.0,0.041161
2022-08-03,DIS,26403,109.02,11243033.0,0.041161
2022-08-03,DIS,26403,109.02,11243033.0,0.041161
2022-08-03,DIS,26403,109.02,11243033.0,0.041161
2022-08-03,DIS,26403,109.02,11243033.0,0.041161
2022-08-03,DIS,26403,109.02,11243033.0,0.041161
2022-08-03,DIS,26403,109.02,11243033.0,0.041161
2022-08-04,DIS,26403,108.12,7322411.0,-0.008255
2022-08-04,DIS,26403,108.12,7322411.0,-0.008255
2022-08-04,DIS,26403,108.12,7322411.0,-0.008255
2022-08-04,DIS,26403,108.12,7322411.0,-0.008255
2022-08-04,DIS,26403,108.12,7322411.0,-0.008255
2022-08-04,DIS,26403,108.12,7322411.0,-0.008255
2022-08-04,DIS,26403,108.12,7322411.0,-0.008255
2022-08-04,DIS,26403,108.12,7322411.0,-0.008255
2022-08-04,DIS,26403,108.12,7322411.0,-0.008255
2022-08-05,DIS,26403,106.63,10099976.0,-0.013781
2022-08-05,DIS,26403,106.63,10099976.0,-0.013781
2022-08-05,DIS,26403,106.63,10099976.0,-0.013781
2022-08-05,DIS,26403,106.63,10099976.0,-0.013781
2022-08-05,DIS,26403,106.63,10099976.0,-0.013781
2022-08-05,DIS,26403,106.63,10099976.0,-0.013781
2022-08-05,DIS,26403,106.63,10099976.0,-0.013781
2022-08-05,DIS,26403,106.63,10099976.0,-0.013781
2022-08-05,DIS,26403,106.63,10099976.0,-0.013781
2022-08-08,DIS,26403,109.11,13045407.0,0.023258
2022-08-08,DIS,26403,109.11,13045407.0,0.023258
2022-08-08,DIS,26403,109.11,13045407.0,0.023258
2022-08-08,DIS,26403,109.11,13045407.0,0.023258
2022-08-08,DIS,26403,109.11,13045407.0,0.023258
2022-08-08,DIS,26403,109.11,13045407.0,0.023258
2022-08-08,DIS,26403,109.11,13045407.0,0.023258
2022-08-08,DIS,26403,109.11,13045407.0,0.023258
2022-08-08,DIS,26403,109.11,13045407.0,0.023258
2022-08-09,DIS,26403,108.13,8776524.0,-0.008982
2022-08-09,DIS,26403,108.13,8776524.0,-0.008982
2022-08-09,DIS,26403,108.13,8776524.0,-0.008982
2022-08-09,DIS,26403,108.13,8776524.0,-0.008982
2022-08-09,DIS,26403,108.13,8776524.0,-0.008982
2022-08-09,DIS,26403,108.13,8776524.0,-0.008982
2022-08-09,DIS,26403,108.13,8776524.0,-0.008982
2022-08-09,DIS,26403,108.13,8776524.0,-0.008982
2022-08-09,DIS,26403,108.13,8776524.0,-0.008982
2022-08-10,DIS,26403,112.43,26398688.0,0.039767
2022-08-10,DIS,26403,112.43,26398688.0,0.039767
2022-08-10,DIS,26403,112.43,26398688.0,0.039767
2022-08-10,DIS,26403,112.43,26398688.0,0.039767
2022-08-10,DIS,26403,112.43,26398688.0,0.039767
2022-08-10,DIS,26403,112.43,26398688.0,0.039767
2022-08-10,DIS,26403,112.43,26398688.0,0.039767
2022-08-10,DIS,26403,112.43,26398688.0,0.039767
2022-08-10,DIS,26403,112.43,26398688.0,0.039767
2022-08-11,DIS,26403,117.69,50375019.0,0.046785
2022-08-11,DIS,26403,117.69,50375019.0,0.046785
2022-08-11,DIS,26403,117.69,50375019.0,0.046785
2022-08-11,DIS,26403,117.69,50375019.0,0.046785
2022-08-11,DIS,26403,117.69,50375019.0,0.046785
2022-08-11,DIS,26403,117.69,50375019.0,0.046785
2022-08-11,DIS,26403,117.69,50375019.0,0.046785
2022-08-11,DIS,26403,117.69,50375019.0,0.046785
2022-08-11,DIS,26403,117.69,50375019.0,0.046785
2022-08-12,DIS,26403,121.57,21964785.0,0.032968
2022-08-12,DIS,26403,121.57,21964785.0,0.032968
2022-08-12,DIS,26403,121.57,21964785.0,0.032968
2022-08-12,DIS,26403,121.57,21964785.0,0.032968
2022-08-12,DIS,26403,121.57,21964785.0,0.032968
2022-08-12,DIS,26403,121.57,21964785.0,0.032968
2022-08-12,DIS,26403,121.57,21964785.0,0.032968
2022-08-12,DIS,26403,121.57,21964785.0,0.032968
2022-08-12,DIS,26403,121.57,21964785.0,0.032968
2022-08-15,DIS,26403,124.26,24628324.0,0.022127
2022-08-15,DIS,26403,124.26,24628324.0,0.022127
2022-08-15,DIS,26403,124.26,24628324.0,0.022127
2022-08-15,DIS,26403,124.26,24628324.0,0.022127
2022-08-15,DIS,26403,124.26,24628324.0,0.022127
2022-08-15,DIS,26403,124.26,24628324.0,0.022127
2022-08-15,DIS,26403,124.26,24628324.0,0.022127
2022-08-15,DIS,26403,124.26,24628324.0,0.022127
2022-08-15,DIS,26403,124.26,24628324.0,0.022127
2022-08-16,DIS,26403,124.96,14607300.0,0.005633
2022-08-16,DIS,26403,124.96,14607300.0,0.005633
2022-08-16,DIS,26403,124.96,14607300.0,0.005633
2022-08-16,DIS,26403,124.96,14607300.0,0.005633
2022-08-16,DIS,26403,124.96,14607300.0,0.005633
2022-08-16,DIS,26403,124.96,14607300.0,0.005633
2022-08-16,DIS,26403,124.96,14607300.0,0.005633
2022-08-16,DIS,26403,124.96,14607300.0,0.005633
2022-08-16,DIS,26403,124.96,14607300.0,0.005633
2022-08-17,DIS,26403,122.81,9140896.0,-0.017206
2022-08-17,DIS,26403,122.81,9140896.0,-0.017206
2022-08-17,DIS,26403,122.81,9140896.0,-0.017206
2022-08-17,DIS,26403,122.81,9140896.0,-0.017206
2022-08-17,DIS,26403,122.81,9140896.0,-0.017206
2022-08-17,DIS,26403,122.81,9140896.0,-0.017206
2022-08-17,DIS,26403,122.81,9140896.0,-0.017206
2022-08-17,DIS,26403,122.81,9140896.0,-0.017206
2022-08-17,DIS,26403,122.81,9140896.0,-0.017206
2022-08-18,DIS,26403,122.67,7343934.0,-0.00114
2022-08-18,DIS,26403,122.67,7343934.0,-0.00114
2022-08-18,DIS,26403,122.67,7343934.0,-0.00114
2022-08-18,DIS,26403,122.67,7343934.0,-0.00114
2022-08-18,DIS,26403,122.67,7343934.0,-0.00114
2022-08-18,DIS,26403,122.67,7343934.0,-0.00114
2022-08-18,DIS,26403,122.67,7343934.0,-0.00114
2022-08-18,DIS,26403,122.67,7343934.0,-0.00114
2022-08-18,DIS,26403,122.67,7343934.0,-0.00114
2022-08-19,DIS,26403,120.14,8702520.0,-0.020624
2022-08-19,DIS,26403,120.14,8702520.0,-0.020624
2022-08-19,DIS,26403,120.14,8702520.0,-0.020624
2022-08-19,DIS,26403,120.14,8702520.0,-0.020624
2022-08-19,DIS,26403,120.14,8702520.0,-0.020624
2022-08-19,DIS,26403,120.14,8702520.0,-0.020624
2022-08-19,DIS,26403,120.14,8702520.0,-0.020624
2022-08-19,DIS,26403,120.14,8702520.0,-0.020624
2022-08-19,DIS,26403,120.14,8702520.0,-0.020624
2022-08-22,DIS,26403,115.94,11575841.0,-0.034959
2022-08-22,DIS,26403,115.94,11575841.0,-0.034959
2022-08-22,DIS,26403,115.94,11575841.0,-0.034959
2022-08-22,DIS,26403,115.94,11575841.0,-0.034959
2022-08-22,DIS,26403,115.94,11575841.0,-0.034959
2022-08-22,DIS,26403,115.94,11575841.0,-0.034959
2022-08-22,DIS,26403,115.94,11575841.0,-0.034959
2022-08-22,DIS,26403,115.94,11575841.0,-0.034959
2022-08-22,DIS,26403,115.94,11575841.0,-0.034959
2022-08-23,DIS,26403,114.86,7180690.0,-0.009315
2022-08-23,DIS,26403,114.86,7180690.0,-0.009315
2022-08-23,DIS,26403,114.86,7180690.0,-0.009315
2022-08-23,DIS,26403,114.86,7180690.0,-0.009315
2022-08-23,DIS,26403,114.86,7180690.0,-0.009315
2022-08-23,DIS,26403,114.86,7180690.0,-0.009315
2022-08-23,DIS,26403,114.86,7180690.0,-0.009315
2022-08-23,DIS,26403,114.86,7180690.0,-0.009315
2022-08-23,DIS,26403,114.86,7180690.0,-0.009315
2022-08-24,DIS,26403,116.41,7840514.0,0.013495
2022-08-24,DIS,26403,116.41,7840514.0,0.013495
2022-08-24,DIS,26403,116.41,7840514.0,0.013495
2022-08-24,DIS,26403,116.41,7840514.0,0.013495
2022-08-24,DIS,26403,116.41,7840514.0,0.013495
2022-08-24,DIS,26403,116.41,7840514.0,0.013495
2022-08-24,DIS,26403,116.41,7840514.0,0.013495
2022-08-24,DIS,26403,116.41,7840514.0,0.013495
2022-08-24,DIS,26403,116.41,7840514.0,0.013495
2022-08-25,DIS,26403,117.46,6920927.0,0.00902
2022-08-25,DIS,26403,117.46,6920927.0,0.00902
2022-08-25,DIS,26403,117.46,6920927.0,0.00902
2022-08-25,DIS,26403,117.46,6920927.0,0.00902
2022-08-25,DIS,26403,117.46,6920927.0,0.00902
2022-08-25,DIS,26403,117.46,6920927.0,0.00902
2022-08-25,DIS,26403,117.46,6920927.0,0.00902
2022-08-25,DIS,26403,117.46,6920927.0,0.00902
2022-08-25,DIS,26403,117.46,6920927.0,0.00902
2022-08-26,DIS,26403,114.07,7807402.0,-0.028861
2022-08-26,DIS,26403,114.07,7807402.0,-0.028861
2022-08-26,DIS,26403,114.07,7807402.0,-0.028861
2022-08-26,DIS,26403,114.07,7807402.0,-0.028861
2022-08-26,DIS,26403,114.07,7807402.0,-0.028861
2022-08-26,DIS,26403,114.07,7807402.0,-0.028861
2022-08-26,DIS,26403,114.07,7807402.0,-0.028861
2022-08-26,DIS,26403,114.07,7807402.0,-0.028861
2022-08-26,DIS,26403,114.07,7807402.0,-0.028861
2022-08-29,DIS,26403,113.53,6882736.0,-0.004734
2022-08-29,DIS,26403,113.53,6882736.0,-0.004734
2022-08-29,DIS,26403,113.53,6882736.0,-0.004734
2022-08-29,DIS,26403,113.53,6882736.0,-0.004734
2022-08-29,DIS,26403,113.53,6882736.0,-0.004734
2022-08-29,DIS,26403,113.53,6882736.0,-0.004734
2022-08-29,DIS,26403,113.53,6882736.0,-0.004734
2022-08-29,DIS,26403,113.53,6882736.0,-0.004734
2022-08-29,DIS,26403,113.53,6882736.0,-0.004734
2022-08-30,DIS,26403,112.43,8059967.0,-0.009689
2022-08-30,DIS,26403,112.43,8059967.0,-0.009689
2022-08-30,DIS,26403,112.43,8059967.0,-0.009689
2022-08-30,DIS,26403,112.43,8059967.0,-0.009689
2022-08-30,DIS,26403,112.43,8059967.0,-0.009689
2022-08-30,DIS,26403,112.43,8059967.0,-0.009689
2022-08-30,DIS,26403,112.43,8059967.0,-0.009689
2022-08-30,DIS,26403,112.43,8059967.0,-0.009689
2022-08-30,DIS,26403,112.43,8059967.0,-0.009689
2022-08-31,DIS,26403,112.08,7352967.0,-0.003113
2022-08-31,DIS,26403,112.08,7352967.0,-0.003113
2022-08-31,DIS,26403,112.08,7352967.0,-0.003113
2022-08-31,DIS,26403,112.08,7352967.0,-0.003113
2022-08-31,DIS,26403,112.08,7352967.0,-0.003113
2022-08-31,DIS,26403,112.08,7352967.0,-0.003113
2022-08-31,DIS,26403,112.08,7352967.0,-0.003113
2022-08-31,DIS,26403,112.08,7352967.0,-0.003113
2022-08-31,DIS,26403,112.08,7352967.0,-0.003113
2022-09-01,DIS,26403,112.53,7718715.0,0.004015
2022-09-01,DIS,26403,112.53,7718715.0,0.004015
2022-09-01,DIS,26403,112.53,7718715.0,0.004015
2022-09-01,DIS,26403,112.53,7718715.0,0.004015
2022-09-01,DIS,26403,112.53,7718715.0,0.004015
2022-09-01,DIS,26403,112.53,7718715.0,0.004015
2022-09-01,DIS,26403,112.53,7718715.0,0.004015
2022-09-01,DIS,26403,112.53,7718715.0,0.004015
2022-09-01,DIS,26403,112.53,7718715.0,0.004015
2022-09-02,DIS,26403,111.2,8465130.0,-0.011819
2022-09-02,DIS,26403,111.2,8465130.0,-0.011819
2022-09-02,DIS,26403,111.2,8465130.0,-0.011819
2022-09-02,DIS,26403,111.2,8465130.0,-0.011819
2022-09-02,DIS,26403,111.2,8465130.0,-0.011819
2022-09-02,DIS,26403,111.2,8465130.0,-0.011819
2022-09-02,DIS,26403,111.2,8465130.0,-0.011819
2022-09-02,DIS,26403,111.2,8465130.0,-0.011819
2022-09-02,DIS,26403,111.2,8465130.0,-0.011819
2022-09-06,DIS,26403,110.09,9537290.0,-0.009982
2022-09-06,DIS,26403,110.09,9537290.0,-0.009982
2022-09-06,DIS,26403,110.09,9537290.0,-0.009982
2022-09-06,DIS,26403,110.09,9537290.0,-0.009982
2022-09-06,DIS,26403,110.09,9537290.0,-0.009982
2022-09-06,DIS,26403,110.09,9537290.0,-0.009982
2022-09-06,DIS,26403,110.09,9537290.0,-0.009982
2022-09-06,DIS,26403,110.09,9537290.0,-0.009982
2022-09-06,DIS,26403,110.09,9537290.0,-0.009982
2022-09-07,DIS,26403,112.69,8193947.0,0.023617
2022-09-07,DIS,26403,112.69,8193947.0,0.023617
2022-09-07,DIS,26403,112.69,8193947.0,0.023617
2022-09-07,DIS,26403,112.69,8193947.0,0.023617
2022-09-07,DIS,26403,112.69,8193947.0,0.023617
2022-09-07,DIS,26403,112.69,8193947.0,0.023617
2022-09-07,DIS,26403,112.69,8193947.0,0.023617
2022-09-07,DIS,26403,112.69,8193947.0,0.023617
2022-09-07,DIS,26403,112.69,8193947.0,0.023617
2022-09-08,DIS,26403,112.33,8443278.0,-0.003195
2022-09-08,DIS,26403,112.33,8443278.0,-0.003195
2022-09-08,DIS,26403,112.33,8443278.0,-0.003195
2022-09-08,DIS,26403,112.33,8443278.0,-0.003195
2022-09-08,DIS,26403,112.33,8443278.0,-0.003195
2022-09-08,DIS,26403,112.33,8443278.0,-0.003195
2022-09-08,DIS,26403,112.33,8443278.0,-0.003195
2022-09-08,DIS,26403,112.33,8443278.0,-0.003195
2022-09-08,DIS,26403,112.33,8443278.0,-0.003195
2022-09-09,DIS,26403,115.18,9573346.0,0.025372
2022-09-09,DIS,26403,115.18,9573346.0,0.025372
2022-09-09,DIS,26403,115.18,9573346.0,0.025372
2022-09-09,DIS,26403,115.18,9573346.0,0.025372
2022-09-09,DIS,26403,115.18,9573346.0,0.025372
2022-09-09,DIS,26403,115.18,9573346.0,0.025372
2022-09-09,DIS,26403,115.18,9573346.0,0.025372
2022-09-09,DIS,26403,115.18,9573346.0,0.025372
2022-09-09,DIS,26403,115.18,9573346.0,0.025372
2022-09-12,DIS,26403,116.39,7923353.0,0.010505
2022-09-12,DIS,26403,116.39,7923353.0,0.010505
2022-09-12,DIS,26403,116.39,7923353.0,0.010505
2022-09-12,DIS,26403,116.39,7923353.0,0.010505
2022-09-12,DIS,26403,116.39,7923353.0,0.010505
2022-09-12,DIS,26403,116.39,7923353.0,0.010505
2022-09-12,DIS,26403,116.39,7923353.0,0.010505
2022-09-12,DIS,26403,116.39,7923353.0,0.010505
2022-09-12,DIS,26403,116.39,7923353.0,0.010505
2022-09-13,DIS,26403,111.76,10504583.0,-0.03978
2022-09-13,DIS,26403,111.76,10504583.0,-0.03978
2022-09-13,DIS,26403,111.76,10504583.0,-0.03978
2022-09-13,DIS,26403,111.76,10504583.0,-0.03978
2022-09-13,DIS,26403,111.76,10504583.0,-0.03978
2022-09-13,DIS,26403,111.76,10504583.0,-0.03978
2022-09-13,DIS,26403,111.76,10504583.0,-0.03978
2022-09-13,DIS,26403,111.76,10504583.0,-0.03978
2022-09-13,DIS,26403,111.76,10504583.0,-0.03978
2022-09-14,DIS,26403,112.5,8610446.0,0.006621
2022-09-14,DIS,26403,112.5,8610446.0,0.006621
2022-09-14,DIS,26403,112.5,8610446.0,0.006621
2022-09-14,DIS,26403,112.5,8610446.0,0.006621
2022-09-14,DIS,26403,112.5,8610446.0,0.006621
2022-09-14,DIS,26403,112.5,8610446.0,0.006621
2022-09-14,DIS,26403,112.5,8610446.0,0.006621
2022-09-14,DIS,26403,112.5,8610446.0,0.006621
2022-09-14,DIS,26403,112.5,8610446.0,0.006621
2022-09-15,DIS,26403,110.77,9739754.0,-0.015378
2022-09-15,DIS,26403,110.77,9739754.0,-0.015378
2022-09-15,DIS,26403,110.77,9739754.0,-0.015378
2022-09-15,DIS,26403,110.77,9739754.0,-0.015378
2022-09-15,DIS,26403,110.77,9739754.0,-0.015378
2022-09-15,DIS,26403,110.77,9739754.0,-0.015378
2022-09-15,DIS,26403,110.77,9739754.0,-0.015378
2022-09-15,DIS,26403,110.77,9739754.0,-0.015378
2022-09-15,DIS,26403,110.77,9739754.0,-0.015378
2022-09-16,DIS,26403,108.25,15978828.0,-0.02275
2022-09-16,DIS,26403,108.25,15978828.0,-0.02275
2022-09-16,DIS,26403,108.25,15978828.0,-0.02275
2022-09-16,DIS,26403,108.25,15978828.0,-0.02275
2022-09-16,DIS,26403,108.25,15978828.0,-0.02275
2022-09-16,DIS,26403,108.25,15978828.0,-0.02275
2022-09-16,DIS,26403,108.25,15978828.0,-0.02275
2022-09-16,DIS,26403,108.25,15978828.0,-0.02275
2022-09-16,DIS,26403,108.25,15978828.0,-0.02275
2022-09-19,DIS,26403,109.17,7979457.0,0.008499
2022-09-19,DIS,26403,109.17,7979457.0,0.008499
2022-09-19,DIS,26403,109.17,7979457.0,0.008499
2022-09-19,DIS,26403,109.17,7979457.0,0.008499
2022-09-19,DIS,26403,109.17,7979457.0,0.008499
2022-09-19,DIS,26403,109.17,7979457.0,0.008499
2022-09-19,DIS,26403,109.17,7979457.0,0.008499
2022-09-19,DIS,26403,109.17,7979457.0,0.008499
2022-09-19,DIS,26403,109.17,7979457.0,0.008499
2022-09-20,DIS,26403,107.57,6957409.0,-0.014656
2022-09-20,DIS,26403,107.57,6957409.0,-0.014656
2022-09-20,DIS,26403,107.57,6957409.0,-0.014656
2022-09-20,DIS,26403,107.57,6957409.0,-0.014656
2022-09-20,DIS,26403,107.57,6957409.0,-0.014656
2022-09-20,DIS,26403,107.57,6957409.0,-0.014656
2022-09-20,DIS,26403,107.57,6957409.0,-0.014656
2022-09-20,DIS,26403,107.57,6957409.0,-0.014656
2022-09-20,DIS,26403,107.57,6957409.0,-0.014656
2022-09-21,DIS,26403,104.49,9776355.0,-0.028633
2022-09-21,DIS,26403,104.49,9776355.0,-0.028633
2022-09-21,DIS,26403,104.49,9776355.0,-0.028633
2022-09-21,DIS,26403,104.49,9776355.0,-0.028633
2022-09-21,DIS,26403,104.49,9776355.0,-0.028633
2022-09-21,DIS,26403,104.49,9776355.0,-0.028633
2022-09-21,DIS,26403,104.49,9776355.0,-0.028633
2022-09-21,DIS,26403,104.49,9776355.0,-0.028633
2022-09-21,DIS,26403,104.49,9776355.0,-0.028633
2022-09-22,DIS,26403,102.16,10953392.0,-0.022299
2022-09-22,DIS,26403,102.16,10953392.0,-0.022299
2022-09-22,DIS,26403,102.16,10953392.0,-0.022299
2022-09-22,DIS,26403,102.16,10953392.0,-0.022299
2022-09-22,DIS,26403,102.16,10953392.0,-0.022299
2022-09-22,DIS,26403,102.16,10953392.0,-0.022299
2022-09-22,DIS,26403,102.16,10953392.0,-0.022299
2022-09-22,DIS,26403,102.16,10953392.0,-0.022299
2022-09-22,DIS,26403,102.16,10953392.0,-0.022299
2022-09-23,DIS,26403,99.5,11976927.0,-0.026038
2022-09-23,DIS,26403,99.5,11976927.0,-0.026038
2022-09-23,DIS,26403,99.5,11976927.0,-0.026038
2022-09-23,DIS,26403,99.5,11976927.0,-0.026038
2022-09-23,DIS,26403,99.5,11976927.0,-0.026038
2022-09-23,DIS,26403,99.5,11976927.0,-0.026038
2022-09-23,DIS,26403,99.5,11976927.0,-0.026038
2022-09-23,DIS,26403,99.5,11976927.0,-0.026038
2022-09-23,DIS,26403,99.5,11976927.0,-0.026038
2022-09-26,DIS,26403,98.12,9760467.0,-0.013869
2022-09-26,DIS,26403,98.12,9760467.0,-0.013869
2022-09-26,DIS,26403,98.12,9760467.0,-0.013869
2022-09-26,DIS,26403,98.12,9760467.0,-0.013869
2022-09-26,DIS,26403,98.12,9760467.0,-0.013869
2022-09-26,DIS,26403,98.12,9760467.0,-0.013869
2022-09-26,DIS,26403,98.12,9760467.0,-0.013869
2022-09-26,DIS,26403,98.12,9760467.0,-0.013869
2022-09-26,DIS,26403,98.12,9760467.0,-0.013869
2022-09-27,DIS,26403,95.85,13360187.0,-0.023135
2022-09-27,DIS,26403,95.85,13360187.0,-0.023135
2022-09-27,DIS,26403,95.85,13360187.0,-0.023135
2022-09-27,DIS,26403,95.85,13360187.0,-0.023135
2022-09-27,DIS,26403,95.85,13360187.0,-0.023135
2022-09-27,DIS,26403,95.85,13360187.0,-0.023135
2022-09-27,DIS,26403,95.85,13360187.0,-0.023135
2022-09-27,DIS,26403,95.85,13360187.0,-0.023135
2022-09-27,DIS,26403,95.85,13360187.0,-0.023135
2022-09-28,DIS,26403,99.4,12895460.0,0.037037
2022-09-28,DIS,26403,99.4,12895460.0,0.037037
2022-09-28,DIS,26403,99.4,12895460.0,0.037037
2022-09-28,DIS,26403,99.4,12895460.0,0.037037
2022-09-28,DIS,26403,99.4,12895460.0,0.037037
2022-09-28,DIS,26403,99.4,12895460.0,0.037037
2022-09-28,DIS,26403,99.4,12895460.0,0.037037
2022-09-28,DIS,26403,99.4,12895460.0,0.037037
2022-09-28,DIS,26403,99.4,12895460.0,0.037037
2022-09-29,DIS,26403,97.45,9435058.0,-0.019618
2022-09-29,DIS,26403,97.45,9435058.0,-0.019618
2022-09-29,DIS,26403,97.45,9435058.0,-0.019618
2022-09-29,DIS,26403,97.45,9435058.0,-0.019618
2022-09-29,DIS,26403,97.45,9435058.0,-0.019618
2022-09-29,DIS,26403,97.45,9435058.0,-0.019618
2022-09-29,DIS,26403,97.45,9435058.0,-0.019618
2022-09-29,DIS,26403,97.45,9435058.0,-0.019618
2022-09-29,DIS,26403,97.45,9435058.0,-0.019618
2022-09-30,DIS,26403,94.33,12094936.0,-0.032016
2022-09-30,DIS,26403,94.33,12094936.0,-0.032016
2022-09-30,DIS,26403,94.33,12094936.0,-0.032016
2022-09-30,DIS,26403,94.33,12094936.0,-0.032016
2022-09-30,DIS,26403,94.33,12094936.0,-0.032016
2022-09-30,DIS,26403,94.33,12094936.0,-0.032016
2022-09-30,DIS,26403,94.33,12094936.0,-0.032016
2022-09-30,DIS,26403,94.33,12094936.0,-0.032016
2022-09-30,DIS,26403,94.33,12094936.0,-0.032016
2022-10-03,DIS,26403,97.13,9468403.0,0.029683
2022-10-03,DIS,26403,97.13,9468403.0,0.029683
2022-10-03,DIS,26403,97.13,9468403.0,0.029683
2022-10-03,DIS,26403,97.13,9468403.0,0.029683
2022-10-03,DIS,26403,97.13,9468403.0,0.029683
2022-10-03,DIS,26403,97.13,9468403.0,0.029683
2022-10-03,DIS,26403,97.13,9468403.0,0.029683
2022-10-03,DIS,26403,97.13,9468403.0,0.029683
2022-10-03,DIS,26403,97.13,9468403.0,0.029683
2022-10-04,DIS,26403,101.44,10229002.0,0.044374
2022-10-04,DIS,26403,101.44,10229002.0,0.044374
2022-10-04,DIS,26403,101.44,10229002.0,0.044374
2022-10-04,DIS,26403,101.44,10229002.0,0.044374
2022-10-04,DIS,26403,101.44,10229002.0,0.044374
2022-10-04,DIS,26403,101.44,10229002.0,0.044374
2022-10-04,DIS,26403,101.44,10229002.0,0.044374
2022-10-04,DIS,26403,101.44,10229002.0,0.044374
2022-10-04,DIS,26403,101.44,10229002.0,0.044374
2022-10-05,DIS,26403,100.8,7562771.0,-0.006309
2022-10-05,DIS,26403,100.8,7562771.0,-0.006309
2022-10-05,DIS,26403,100.8,7562771.0,-0.006309
2022-10-05,DIS,26403,100.8,7562771.0,-0.006309
2022-10-05,DIS,26403,100.8,7562771.0,-0.006309
2022-10-05,DIS,26403,100.8,7562771.0,-0.006309
2022-10-05,DIS,26403,100.8,7562771.0,-0.006309
2022-10-05,DIS,26403,100.8,7562771.0,-0.006309
2022-10-05,DIS,26403,100.8,7562771.0,-0.006309
2022-10-06,DIS,26403,100.04,6728200.0,-0.00754
2022-10-06,DIS,26403,100.04,6728200.0,-0.00754
2022-10-06,DIS,26403,100.04,6728200.0,-0.00754
2022-10-06,DIS,26403,100.04,6728200.0,-0.00754
2022-10-06,DIS,26403,100.04,6728200.0,-0.00754
2022-10-06,DIS,26403,100.04,6728200.0,-0.00754
2022-10-06,DIS,26403,100.04,6728200.0,-0.00754
2022-10-06,DIS,26403,100.04,6728200.0,-0.00754
2022-10-06,DIS,26403,100.04,6728200.0,-0.00754
2022-10-07,DIS,26403,97.16,7051019.0,-0.028789
2022-10-07,DIS,26403,97.16,7051019.0,-0.028789
2022-10-07,DIS,26403,97.16,7051019.0,-0.028789
2022-10-07,DIS,26403,97.16,7051019.0,-0.028789
2022-10-07,DIS,26403,97.16,7051019.0,-0.028789
2022-10-07,DIS,26403,97.16,7051019.0,-0.028789
2022-10-07,DIS,26403,97.16,7051019.0,-0.028789
2022-10-07,DIS,26403,97.16,7051019.0,-0.028789
2022-10-07,DIS,26403,97.16,7051019.0,-0.028789
2022-10-10,DIS,26403,95.16,9532334.0,-0.020585
2022-10-10,DIS,26403,95.16,9532334.0,-0.020585
2022-10-10,DIS,26403,95.16,9532334.0,-0.020585
2022-10-10,DIS,26403,95.16,9532334.0,-0.020585
2022-10-10,DIS,26403,95.16,9532334.0,-0.020585
2022-10-10,DIS,26403,95.16,9532334.0,-0.020585
2022-10-10,DIS,26403,95.16,9532334.0,-0.020585
2022-10-10,DIS,26403,95.16,9532334.0,-0.020585
2022-10-10,DIS,26403,95.16,9532334.0,-0.020585
2022-10-11,DIS,26403,93.1,8900901.0,-0.021648
2022-10-11,DIS,26403,93.1,8900901.0,-0.021648
2022-10-11,DIS,26403,93.1,8900901.0,-0.021648
2022-10-11,DIS,26403,93.1,8900901.0,-0.021648
2022-10-11,DIS,26403,93.1,8900901.0,-0.021648
2022-10-11,DIS,26403,93.1,8900901.0,-0.021648
2022-10-11,DIS,26403,93.1,8900901.0,-0.021648
2022-10-11,DIS,26403,93.1,8900901.0,-0.021648
2022-10-11,DIS,26403,93.1,8900901.0,-0.021648
2022-10-12,DIS,26403,93.41,6156217.0,0.00333
2022-10-12,DIS,26403,93.41,6156217.0,0.00333
2022-10-12,DIS,26403,93.41,6156217.0,0.00333
2022-10-12,DIS,26403,93.41,6156217.0,0.00333
2022-10-12,DIS,26403,93.41,6156217.0,0.00333
2022-10-12,DIS,26403,93.41,6156217.0,0.00333
2022-10-12,DIS,26403,93.41,6156217.0,0.00333
2022-10-12,DIS,26403,93.41,6156217.0,0.00333
2022-10-12,DIS,26403,93.41,6156217.0,0.00333
2022-10-13,DIS,26403,96.64,11025428.0,0.034579
2022-10-13,DIS,26403,96.64,11025428.0,0.034579
2022-10-13,DIS,26403,96.64,11025428.0,0.034579
2022-10-13,DIS,26403,96.64,11025428.0,0.034579
2022-10-13,DIS,26403,96.64,11025428.0,0.034579
2022-10-13,DIS,26403,96.64,11025428.0,0.034579
2022-10-13,DIS,26403,96.64,11025428.0,0.034579
2022-10-13,DIS,26403,96.64,11025428.0,0.034579
2022-10-13,DIS,26403,96.64,11025428.0,0.034579
2022-10-14,DIS,26403,94.45,8208884.0,-0.022661
2022-10-14,DIS,26403,94.45,8208884.0,-0.022661
2022-10-14,DIS,26403,94.45,8208884.0,-0.022661
2022-10-14,DIS,26403,94.45,8208884.0,-0.022661
2022-10-14,DIS,26403,94.45,8208884.0,-0.022661
2022-10-14,DIS,26403,94.45,8208884.0,-0.022661
2022-10-14,DIS,26403,94.45,8208884.0,-0.022661
2022-10-14,DIS,26403,94.45,8208884.0,-0.022661
2022-10-14,DIS,26403,94.45,8208884.0,-0.022661
2022-10-17,DIS,26403,97.33,7083842.0,0.030492
2022-10-17,DIS,26403,97.33,7083842.0,0.030492
2022-10-17,DIS,26403,97.33,7083842.0,0.030492
2022-10-17,DIS,26403,97.33,7083842.0,0.030492
2022-10-17,DIS,26403,97.33,7083842.0,0.030492
2022-10-17,DIS,26403,97.33,7083842.0,0.030492
2022-10-17,DIS,26403,97.33,7083842.0,0.030492
2022-10-17,DIS,26403,97.33,7083842.0,0.030492
2022-10-17,DIS,26403,97.33,7083842.0,0.030492
2022-10-18,DIS,26403,98.48,8533516.0,0.011816
2022-10-18,DIS,26403,98.48,8533516.0,0.011816
2022-10-18,DIS,26403,98.48,8533516.0,0.011816
2022-10-18,DIS,26403,98.48,8533516.0,0.011816
2022-10-18,DIS,26403,98.48,8533516.0,0.011816
2022-10-18,DIS,26403,98.48,8533516.0,0.011816
2022-10-18,DIS,26403,98.48,8533516.0,0.011816
2022-10-18,DIS,26403,98.48,8533516.0,0.011816
2022-10-18,DIS,26403,98.48,8533516.0,0.011816
2022-10-19,DIS,26403,98.99,11730993.0,0.005179
2022-10-19,DIS,26403,98.99,11730993.0,0.005179
2022-10-19,DIS,26403,98.99,11730993.0,0.005179
2022-10-19,DIS,26403,98.99,11730993.0,0.005179
2022-10-19,DIS,26403,98.99,11730993.0,0.005179
2022-10-19,DIS,26403,98.99,11730993.0,0.005179
2022-10-19,DIS,26403,98.99,11730993.0,0.005179
2022-10-19,DIS,26403,98.99,11730993.0,0.005179
2022-10-19,DIS,26403,98.99,11730993.0,0.005179
2022-10-20,DIS,26403,98.59,8212442.0,-0.004041
2022-10-20,DIS,26403,98.59,8212442.0,-0.004041
2022-10-20,DIS,26403,98.59,8212442.0,-0.004041
2022-10-20,DIS,26403,98.59,8212442.0,-0.004041
2022-10-20,DIS,26403,98.59,8212442.0,-0.004041
2022-10-20,DIS,26403,98.59,8212442.0,-0.004041
2022-10-20,DIS,26403,98.59,8212442.0,-0.004041
2022-10-20,DIS,26403,98.59,8212442.0,-0.004041
2022-10-20,DIS,26403,98.59,8212442.0,-0.004041
2022-10-21,DIS,26403,102.04,10193360.0,0.034994
2022-10-21,DIS,26403,102.04,10193360.0,0.034994
2022-10-21,DIS,26403,102.04,10193360.0,0.034994
2022-10-21,DIS,26403,102.04,10193360.0,0.034994
2022-10-21,DIS,26403,102.04,10193360.0,0.034994
2022-10-21,DIS,26403,102.04,10193360.0,0.034994
2022-10-21,DIS,26403,102.04,10193360.0,0.034994
2022-10-21,DIS,26403,102.04,10193360.0,0.034994
2022-10-21,DIS,26403,102.04,10193360.0,0.034994
2022-10-24,DIS,26403,101.72,8221477.0,-0.003136
2022-10-24,DIS,26403,101.72,8221477.0,-0.003136
2022-10-24,DIS,26403,101.72,8221477.0,-0.003136
2022-10-24,DIS,26403,101.72,8221477.0,-0.003136
2022-10-24,DIS,26403,101.72,8221477.0,-0.003136
2022-10-24,DIS,26403,101.72,8221477.0,-0.003136
2022-10-24,DIS,26403,101.72,8221477.0,-0.003136
2022-10-24,DIS,26403,101.72,8221477.0,-0.003136
2022-10-24,DIS,26403,101.72,8221477.0,-0.003136
2022-10-25,DIS,26403,104.36,7687535.0,0.025954
2022-10-25,DIS,26403,104.36,7687535.0,0.025954
2022-10-25,DIS,26403,104.36,7687535.0,0.025954
2022-10-25,DIS,26403,104.36,7687535.0,0.025954
2022-10-25,DIS,26403,104.36,7687535.0,0.025954
2022-10-25,DIS,26403,104.36,7687535.0,0.025954
2022-10-25,DIS,26403,104.36,7687535.0,0.025954
2022-10-25,DIS,26403,104.36,7687535.0,0.025954
2022-10-25,DIS,26403,104.36,7687535.0,0.025954
2022-10-26,DIS,26403,104.63,9223759.0,0.002587
2022-10-26,DIS,26403,104.63,9223759.0,0.002587
2022-10-26,DIS,26403,104.63,9223759.0,0.002587
2022-10-26,DIS,26403,104.63,9223759.0,0.002587
2022-10-26,DIS,26403,104.63,9223759.0,0.002587
2022-10-26,DIS,26403,104.63,9223759.0,0.002587
2022-10-26,DIS,26403,104.63,9223759.0,0.002587
2022-10-26,DIS,26403,104.63,9223759.0,0.002587
2022-10-26,DIS,26403,104.63,9223759.0,0.002587
2022-10-27,DIS,26403,104.44,8673519.0,-0.001816
2022-10-27,DIS,26403,104.44,8673519.0,-0.001816
2022-10-27,DIS,26403,104.44,8673519.0,-0.001816
2022-10-27,DIS,26403,104.44,8673519.0,-0.001816
2022-10-27,DIS,26403,104.44,8673519.0,-0.001816
2022-10-27,DIS,26403,104.44,8673519.0,-0.001816
2022-10-27,DIS,26403,104.44,8673519.0,-0.001816
2022-10-27,DIS,26403,104.44,8673519.0,-0.001816
2022-10-27,DIS,26403,104.44,8673519.0,-0.001816
2022-10-28,DIS,26403,105.95,7250889.0,0.014458
2022-10-28,DIS,26403,105.95,7250889.0,0.014458
2022-10-28,DIS,26403,105.95,7250889.0,0.014458
2022-10-28,DIS,26403,105.95,7250889.0,0.014458
2022-10-28,DIS,26403,105.95,7250889.0,0.014458
2022-10-28,DIS,26403,105.95,7250889.0,0.014458
2022-10-28,DIS,26403,105.95,7250889.0,0.014458
2022-10-28,DIS,26403,105.95,7250889.0,0.014458
2022-10-28,DIS,26403,105.95,7250889.0,0.014458
2022-10-31,DIS,26403,106.54,8814813.0,0.005569
2022-10-31,DIS,26403,106.54,8814813.0,0.005569
2022-10-31,DIS,26403,106.54,8814813.0,0.005569
2022-10-31,DIS,26403,106.54,8814813.0,0.005569
2022-10-31,DIS,26403,106.54,8814813.0,0.005569
2022-10-31,DIS,26403,106.54,8814813.0,0.005569
2022-10-31,DIS,26403,106.54,8814813.0,0.005569
2022-10-31,DIS,26403,106.54,8814813.0,0.005569
2022-10-31,DIS,26403,106.54,8814813.0,0.005569
2022-11-01,DIS,26403,106.0,7955761.0,-0.005069
2022-11-01,DIS,26403,106.0,7955761.0,-0.005069
2022-11-01,DIS,26403,106.0,7955761.0,-0.005069
2022-11-01,DIS,26403,106.0,7955761.0,-0.005069
2022-11-01,DIS,26403,106.0,7955761.0,-0.005069
2022-11-01,DIS,26403,106.0,7955761.0,-0.005069
2022-11-01,DIS,26403,106.0,7955761.0,-0.005069
2022-11-01,DIS,26403,106.0,7955761.0,-0.005069
2022-11-01,DIS,26403,106.0,7955761.0,-0.005069
2022-11-02,DIS,26403,101.82,9591406.0,-0.039434
2022-11-02,DIS,26403,101.82,9591406.0,-0.039434
2022-11-02,DIS,26403,101.82,9591406.0,-0.039434
2022-11-02,DIS,26403,101.82,9591406.0,-0.039434
2022-11-02,DIS,26403,101.82,9591406.0,-0.039434
2022-11-02,DIS,26403,101.82,9591406.0,-0.039434
2022-11-02,DIS,26403,101.82,9591406.0,-0.039434
2022-11-02,DIS,26403,101.82,9591406.0,-0.039434
2022-11-02,DIS,26403,101.82,9591406.0,-0.039434
2022-11-03,DIS,26403,99.25,8978373.0,-0.025241
2022-11-03,DIS,26403,99.25,8978373.0,-0.025241
2022-11-03,DIS,26403,99.25,8978373.0,-0.025241
2022-11-03,DIS,26403,99.25,8978373.0,-0.025241
2022-11-03,DIS,26403,99.25,8978373.0,-0.025241
2022-11-03,DIS,26403,99.25,8978373.0,-0.025241
2022-11-03,DIS,26403,99.25,8978373.0,-0.025241
2022-11-03,DIS,26403,99.25,8978373.0,-0.025241
2022-11-03,DIS,26403,99.25,8978373.0,-0.025241
2022-11-04,DIS,26403,99.58,11035804.0,0.003325
2022-11-04,DIS,26403,99.58,11035804.0,0.003325
2022-11-04,DIS,26403,99.58,11035804.0,0.003325
2022-11-04,DIS,26403,99.58,11035804.0,0.003325
2022-11-04,DIS,26403,99.58,11035804.0,0.003325
2022-11-04,DIS,26403,99.58,11035804.0,0.003325
2022-11-04,DIS,26403,99.58,11035804.0,0.003325
2022-11-04,DIS,26403,99.58,11035804.0,0.003325
2022-11-04,DIS,26403,99.58,11035804.0,0.003325
2022-11-07,DIS,26403,100.43,11355242.0,0.008536
2022-11-07,DIS,26403,100.43,11355242.0,0.008536
2022-11-07,DIS,26403,100.43,11355242.0,0.008536
2022-11-07,DIS,26403,100.43,11355242.0,0.008536
2022-11-07,DIS,26403,100.43,11355242.0,0.008536
2022-11-07,DIS,26403,100.43,11355242.0,0.008536
2022-11-07,DIS,26403,100.43,11355242.0,0.008536
2022-11-07,DIS,26403,100.43,11355242.0,0.008536
2022-11-07,DIS,26403,100.43,11355242.0,0.008536
2022-11-08,DIS,26403,99.9,27130263.0,-0.005277
2022-11-08,DIS,26403,99.9,27130263.0,-0.005277
2022-11-08,DIS,26403,99.9,27130263.0,-0.005277
2022-11-08,DIS,26403,99.9,27130263.0,-0.005277
2022-11-08,DIS,26403,99.9,27130263.0,-0.005277
2022-11-08,DIS,26403,99.9,27130263.0,-0.005277
2022-11-08,DIS,26403,99.9,27130263.0,-0.005277
2022-11-08,DIS,26403,99.9,27130263.0,-0.005277
2022-11-08,DIS,26403,99.9,27130263.0,-0.005277
2022-11-09,DIS,26403,86.75,62029828.0,-0.131632
2022-11-09,DIS,26403,86.75,62029828.0,-0.131632
2022-11-09,DIS,26403,86.75,62029828.0,-0.131632
2022-11-09,DIS,26403,86.75,62029828.0,-0.131632
2022-11-09,DIS,26403,86.75,62029828.0,-0.131632
2022-11-09,DIS,26403,86.75,62029828.0,-0.131632
2022-11-09,DIS,26403,86.75,62029828.0,-0.131632
2022-11-09,DIS,26403,86.75,62029828.0,-0.131632
2022-11-09,DIS,26403,86.75,62029828.0,-0.131632
2022-11-10,DIS,26403,90.46,36968128.0,0.042767
2022-11-10,DIS,26403,90.46,36968128.0,0.042767
2022-11-10,DIS,26403,90.46,36968128.0,0.042767
2022-11-10,DIS,26403,90.46,36968128.0,0.042767
2022-11-10,DIS,26403,90.46,36968128.0,0.042767
2022-11-10,DIS,26403,90.46,36968128.0,0.042767
2022-11-10,DIS,26403,90.46,36968128.0,0.042767
2022-11-10,DIS,26403,90.46,36968128.0,0.042767
2022-11-10,DIS,26403,90.46,36968128.0,0.042767
2022-11-11,DIS,26403,95.01,22373294.0,0.050299
2022-11-11,DIS,26403,95.01,22373294.0,0.050299
2022-11-11,DIS,26403,95.01,22373294.0,0.050299
2022-11-11,DIS,26403,95.01,22373294.0,0.050299
2022-11-11,DIS,26403,95.01,22373294.0,0.050299
2022-11-11,DIS,26403,95.01,22373294.0,0.050299
2022-11-11,DIS,26403,95.01,22373294.0,0.050299
2022-11-11,DIS,26403,95.01,22373294.0,0.050299
2022-11-11,DIS,26403,95.01,22373294.0,0.050299
2022-11-14,DIS,26403,94.28,20505724.0,-0.007683
2022-11-14,DIS,26403,94.28,20505724.0,-0.007683
2022-11-14,DIS,26403,94.28,20505724.0,-0.007683
2022-11-14,DIS,26403,94.28,20505724.0,-0.007683
2022-11-14,DIS,26403,94.28,20505724.0,-0.007683
2022-11-14,DIS,26403,94.28,20505724.0,-0.007683
2022-11-14,DIS,26403,94.28,20505724.0,-0.007683
2022-11-14,DIS,26403,94.28,20505724.0,-0.007683
2022-11-14,DIS,26403,94.28,20505724.0,-0.007683
2022-11-15,DIS,26403,95.51,15801913.0,0.013046
2022-11-15,DIS,26403,95.51,15801913.0,0.013046
2022-11-15,DIS,26403,95.51,15801913.0,0.013046
2022-11-15,DIS,26403,95.51,15801913.0,0.013046
2022-11-15,DIS,26403,95.51,15801913.0,0.013046
2022-11-15,DIS,26403,95.51,15801913.0,0.013046
2022-11-15,DIS,26403,95.51,15801913.0,0.013046
2022-11-15,DIS,26403,95.51,15801913.0,0.013046
2022-11-15,DIS,26403,95.51,15801913.0,0.013046
2022-11-16,DIS,26403,93.95,11137672.0,-0.016333
2022-11-16,DIS,26403,93.95,11137672.0,-0.016333
2022-11-16,DIS,26403,93.95,11137672.0,-0.016333
2022-11-16,DIS,26403,93.95,11137672.0,-0.016333
2022-11-16,DIS,26403,93.95,11137672.0,-0.016333
2022-11-16,DIS,26403,93.95,11137672.0,-0.016333
2022-11-16,DIS,26403,93.95,11137672.0,-0.016333
2022-11-16,DIS,26403,93.95,11137672.0,-0.016333
2022-11-16,DIS,26403,93.95,11137672.0,-0.016333
2022-11-17,DIS,26403,91.45,12306389.0,-0.02661
2022-11-17,DIS,26403,91.45,12306389.0,-0.02661
2022-11-17,DIS,26403,91.45,12306389.0,-0.02661
2022-11-17,DIS,26403,91.45,12306389.0,-0.02661
2022-11-17,DIS,26403,91.45,12306389.0,-0.02661
2022-11-17,DIS,26403,91.45,12306389.0,-0.02661
2022-11-17,DIS,26403,91.45,12306389.0,-0.02661
2022-11-17,DIS,26403,91.45,12306389.0,-0.02661
2022-11-17,DIS,26403,91.45,12306389.0,-0.02661
2022-11-18,DIS,26403,91.8,10011730.0,0.003827
2022-11-18,DIS,26403,91.8,10011730.0,0.003827
2022-11-18,DIS,26403,91.8,10011730.0,0.003827
2022-11-18,DIS,26403,91.8,10011730.0,0.003827
2022-11-18,DIS,26403,91.8,10011730.0,0.003827
2022-11-18,DIS,26403,91.8,10011730.0,0.003827
2022-11-18,DIS,26403,91.8,10011730.0,0.003827
2022-11-18,DIS,26403,91.8,10011730.0,0.003827
2022-11-18,DIS,26403,91.8,10011730.0,0.003827
2022-11-21,DIS,26403,97.58,70273509.0,0.062963
2022-11-21,DIS,26403,97.58,70273509.0,0.062963
2022-11-21,DIS,26403,97.58,70273509.0,0.062963
2022-11-21,DIS,26403,97.58,70273509.0,0.062963
2022-11-21,DIS,26403,97.58,70273509.0,0.062963
2022-11-21,DIS,26403,97.58,70273509.0,0.062963
2022-11-21,DIS,26403,97.58,70273509.0,0.062963
2022-11-21,DIS,26403,97.58,70273509.0,0.062963
2022-11-21,DIS,26403,97.58,70273509.0,0.062963
2022-11-22,DIS,26403,96.21,25753736.0,-0.01404
2022-11-22,DIS,26403,96.21,25753736.0,-0.01404
2022-11-22,DIS,26403,96.21,25753736.0,-0.01404
2022-11-22,DIS,26403,96.21,25753736.0,-0.01404
2022-11-22,DIS,26403,96.21,25753736.0,-0.01404
2022-11-22,DIS,26403,96.21,25753736.0,-0.01404
2022-11-22,DIS,26403,96.21,25753736.0,-0.01404
2022-11-22,DIS,26403,96.21,25753736.0,-0.01404
2022-11-22,DIS,26403,96.21,25753736.0,-0.01404
2022-11-23,DIS,26403,98.88,15503232.0,0.027752
2022-11-23,DIS,26403,98.88,15503232.0,0.027752
2022-11-23,DIS,26403,98.88,15503232.0,0.027752
2022-11-23,DIS,26403,98.88,15503232.0,0.027752
2022-11-23,DIS,26403,98.88,15503232.0,0.027752
2022-11-23,DIS,26403,98.88,15503232.0,0.027752
2022-11-23,DIS,26403,98.88,15503232.0,0.027752
2022-11-23,DIS,26403,98.88,15503232.0,0.027752
2022-11-23,DIS,26403,98.88,15503232.0,0.027752
2022-11-25,DIS,26403,98.87,6664281.0,-0.000101
2022-11-25,DIS,26403,98.87,6664281.0,-0.000101
2022-11-25,DIS,26403,98.87,6664281.0,-0.000101
2022-11-25,DIS,26403,98.87,6664281.0,-0.000101
2022-11-25,DIS,26403,98.87,6664281.0,-0.000101
2022-11-25,DIS,26403,98.87,6664281.0,-0.000101
2022-11-25,DIS,26403,98.87,6664281.0,-0.000101
2022-11-25,DIS,26403,98.87,6664281.0,-0.000101
2022-11-25,DIS,26403,98.87,6664281.0,-0.000101
2022-11-28,DIS,26403,95.69,13668653.0,-0.032163
2022-11-28,DIS,26403,95.69,13668653.0,-0.032163
2022-11-28,DIS,26403,95.69,13668653.0,-0.032163
2022-11-28,DIS,26403,95.69,13668653.0,-0.032163
2022-11-28,DIS,26403,95.69,13668653.0,-0.032163
2022-11-28,DIS,26403,95.69,13668653.0,-0.032163
2022-11-28,DIS,26403,95.69,13668653.0,-0.032163
2022-11-28,DIS,26403,95.69,13668653.0,-0.032163
2022-11-28,DIS,26403,95.69,13668653.0,-0.032163
2022-11-29,DIS,26403,94.69,13205327.0,-0.01045
2022-11-29,DIS,26403,94.69,13205327.0,-0.01045
2022-11-29,DIS,26403,94.69,13205327.0,-0.01045
2022-11-29,DIS,26403,94.69,13205327.0,-0.01045
2022-11-29,DIS,26403,94.69,13205327.0,-0.01045
2022-11-29,DIS,26403,94.69,13205327.0,-0.01045
2022-11-29,DIS,26403,94.69,13205327.0,-0.01045
2022-11-29,DIS,26403,94.69,13205327.0,-0.01045
2022-11-29,DIS,26403,94.69,13205327.0,-0.01045
2022-11-30,DIS,26403,97.87,15368108.0,0.033583
2022-11-30,DIS,26403,97.87,15368108.0,0.033583
2022-11-30,DIS,26403,97.87,15368108.0,0.033583
2022-11-30,DIS,26403,97.87,15368108.0,0.033583
2022-11-30,DIS,26403,97.87,15368108.0,0.033583
2022-11-30,DIS,26403,97.87,15368108.0,0.033583
2022-11-30,DIS,26403,97.87,15368108.0,0.033583
2022-11-30,DIS,26403,97.87,15368108.0,0.033583
2022-11-30,DIS,26403,97.87,15368108.0,0.033583
2022-12-01,DIS,26403,98.59,13855680.0,0.007357
2022-12-01,DIS,26403,98.59,13855680.0,0.007357
2022-12-01,DIS,26403,98.59,13855680.0,0.007357
2022-12-01,DIS,26403,98.59,13855680.0,0.007357
2022-12-01,DIS,26403,98.59,13855680.0,0.007357
2022-12-01,DIS,26403,98.59,13855680.0,0.007357
2022-12-01,DIS,26403,98.59,13855680.0,0.007357
2022-12-01,DIS,26403,98.59,13855680.0,0.007357
2022-12-01,DIS,26403,98.59,13855680.0,0.007357
2022-12-02,DIS,26403,99.43,12608101.0,0.00852
2022-12-02,DIS,26403,99.43,12608101.0,0.00852
2022-12-02,DIS,26403,99.43,12608101.0,0.00852
2022-12-02,DIS,26403,99.43,12608101.0,0.00852
2022-12-02,DIS,26403,99.43,12608101.0,0.00852
2022-12-02,DIS,26403,99.43,12608101.0,0.00852
2022-12-02,DIS,26403,99.43,12608101.0,0.00852
2022-12-02,DIS,26403,99.43,12608101.0,0.00852
2022-12-02,DIS,26403,99.43,12608101.0,0.00852
2022-12-05,DIS,26403,95.93,10764540.0,-0.035201
2022-12-05,DIS,26403,95.93,10764540.0,-0.035201
2022-12-05,DIS,26403,95.93,10764540.0,-0.035201
2022-12-05,DIS,26403,95.93,10764540.0,-0.035201
2022-12-05,DIS,26403,95.93,10764540.0,-0.035201
2022-12-05,DIS,26403,95.93,10764540.0,-0.035201
2022-12-05,DIS,26403,95.93,10764540.0,-0.035201
2022-12-05,DIS,26403,95.93,10764540.0,-0.035201
2022-12-05,DIS,26403,95.93,10764540.0,-0.035201
2022-12-06,DIS,26403,92.29,11492365.0,-0.037944
2022-12-06,DIS,26403,92.29,11492365.0,-0.037944
2022-12-06,DIS,26403,92.29,11492365.0,-0.037944
2022-12-06,DIS,26403,92.29,11492365.0,-0.037944
2022-12-06,DIS,26403,92.29,11492365.0,-0.037944
2022-12-06,DIS,26403,92.29,11492365.0,-0.037944
2022-12-06,DIS,26403,92.29,11492365.0,-0.037944
2022-12-06,DIS,26403,92.29,11492365.0,-0.037944
2022-12-06,DIS,26403,92.29,11492365.0,-0.037944
2022-12-07,DIS,26403,92.15,10353416.0,-0.001517
2022-12-07,DIS,26403,92.15,10353416.0,-0.001517
2022-12-07,DIS,26403,92.15,10353416.0,-0.001517
2022-12-07,DIS,26403,92.15,10353416.0,-0.001517
2022-12-07,DIS,26403,92.15,10353416.0,-0.001517
2022-12-07,DIS,26403,92.15,10353416.0,-0.001517
2022-12-07,DIS,26403,92.15,10353416.0,-0.001517
2022-12-07,DIS,26403,92.15,10353416.0,-0.001517
2022-12-07,DIS,26403,92.15,10353416.0,-0.001517
2022-12-08,DIS,26403,92.55,9351229.0,0.004341
2022-12-08,DIS,26403,92.55,9351229.0,0.004341
2022-12-08,DIS,26403,92.55,9351229.0,0.004341
2022-12-08,DIS,26403,92.55,9351229.0,0.004341
2022-12-08,DIS,26403,92.55,9351229.0,0.004341
2022-12-08,DIS,26403,92.55,9351229.0,0.004341
2022-12-08,DIS,26403,92.55,9351229.0,0.004341
2022-12-08,DIS,26403,92.55,9351229.0,0.004341
2022-12-08,DIS,26403,92.55,9351229.0,0.004341
2022-12-09,DIS,26403,93.38,10111877.0,0.008968
2022-12-09,DIS,26403,93.38,10111877.0,0.008968
2022-12-09,DIS,26403,93.38,10111877.0,0.008968
2022-12-09,DIS,26403,93.38,10111877.0,0.008968
2022-12-09,DIS,26403,93.38,10111877.0,0.008968
2022-12-09,DIS,26403,93.38,10111877.0,0.008968
2022-12-09,DIS,26403,93.38,10111877.0,0.008968
2022-12-09,DIS,26403,93.38,10111877.0,0.008968
2022-12-09,DIS,26403,93.38,10111877.0,0.008968
2022-12-12,DIS,26403,94.66,14140682.0,0.013708
2022-12-12,DIS,26403,94.66,14140682.0,0.013708
2022-12-12,DIS,26403,94.66,14140682.0,0.013708
2022-12-12,DIS,26403,94.66,14140682.0,0.013708
2022-12-12,DIS,26403,94.66,14140682.0,0.013708
2022-12-12,DIS,26403,94.66,14140682.0,0.013708
2022-12-12,DIS,26403,94.66,14140682.0,0.013708
2022-12-12,DIS,26403,94.66,14140682.0,0.013708
2022-12-12,DIS,26403,94.66,14140682.0,0.013708
2022-12-13,DIS,26403,94.7,22882080.0,0.000422
2022-12-13,DIS,26403,94.7,22882080.0,0.000422
2022-12-13,DIS,26403,94.7,22882080.0,0.000422
2022-12-13,DIS,26403,94.7,22882080.0,0.000422
2022-12-13,DIS,26403,94.7,22882080.0,0.000422
2022-12-13,DIS,26403,94.7,22882080.0,0.000422
2022-12-13,DIS,26403,94.7,22882080.0,0.000422
2022-12-13,DIS,26403,94.7,22882080.0,0.000422
2022-12-13,DIS,26403,94.7,22882080.0,0.000422
2022-12-14,DIS,26403,94.15,11505449.0,-0.005808
2022-12-14,DIS,26403,94.15,11505449.0,-0.005808
2022-12-14,DIS,26403,94.15,11505449.0,-0.005808
2022-12-14,DIS,26403,94.15,11505449.0,-0.005808
2022-12-14,DIS,26403,94.15,11505449.0,-0.005808
2022-12-14,DIS,26403,94.15,11505449.0,-0.005808
2022-12-14,DIS,26403,94.15,11505449.0,-0.005808
2022-12-14,DIS,26403,94.15,11505449.0,-0.005808
2022-12-14,DIS,26403,94.15,11505449.0,-0.005808
2022-12-15,DIS,26403,90.49,15957669.0,-0.038874
2022-12-15,DIS,26403,90.49,15957669.0,-0.038874
2022-12-15,DIS,26403,90.49,15957669.0,-0.038874
2022-12-15,DIS,26403,90.49,15957669.0,-0.038874
2022-12-15,DIS,26403,90.49,15957669.0,-0.038874
2022-12-15,DIS,26403,90.49,15957669.0,-0.038874
2022-12-15,DIS,26403,90.49,15957669.0,-0.038874
2022-12-15,DIS,26403,90.49,15957669.0,-0.038874
2022-12-15,DIS,26403,90.49,15957669.0,-0.038874
2022-12-16,DIS,26403,90.08,26383881.0,-0.004531
2022-12-16,DIS,26403,90.08,26383881.0,-0.004531
2022-12-16,DIS,26403,90.08,26383881.0,-0.004531
2022-12-16,DIS,26403,90.08,26383881.0,-0.004531
2022-12-16,DIS,26403,90.08,26383881.0,-0.004531
2022-12-16,DIS,26403,90.08,26383881.0,-0.004531
2022-12-16,DIS,26403,90.08,26383881.0,-0.004531
2022-12-16,DIS,26403,90.08,26383881.0,-0.004531
2022-12-16,DIS,26403,90.08,26383881.0,-0.004531
2022-12-19,DIS,26403,85.78,19225289.0,-0.047735
2022-12-19,DIS,26403,85.78,19225289.0,-0.047735
2022-12-19,DIS,26403,85.78,19225289.0,-0.047735
2022-12-19,DIS,26403,85.78,19225289.0,-0.047735
2022-12-19,DIS,26403,85.78,19225289.0,-0.047735
2022-12-19,DIS,26403,85.78,19225289.0,-0.047735
2022-12-19,DIS,26403,85.78,19225289.0,-0.047735
2022-12-19,DIS,26403,85.78,19225289.0,-0.047735
2022-12-19,DIS,26403,85.78,19225289.0,-0.047735
2022-12-20,DIS,26403,87.02,14918400.0,0.014456
2022-12-20,DIS,26403,87.02,14918400.0,0.014456
2022-12-20,DIS,26403,87.02,14918400.0,0.014456
2022-12-20,DIS,26403,87.02,14918400.0,0.014456
2022-12-20,DIS,26403,87.02,14918400.0,0.014456
2022-12-20,DIS,26403,87.02,14918400.0,0.014456
2022-12-20,DIS,26403,87.02,14918400.0,0.014456
2022-12-20,DIS,26403,87.02,14918400.0,0.014456
2022-12-20,DIS,26403,87.02,14918400.0,0.014456
2022-12-21,DIS,26403,86.92,11004832.0,-0.001149
2022-12-21,DIS,26403,86.92,11004832.0,-0.001149
2022-12-21,DIS,26403,86.92,11004832.0,-0.001149
2022-12-21,DIS,26403,86.92,11004832.0,-0.001149
2022-12-21,DIS,26403,86.92,11004832.0,-0.001149
2022-12-21,DIS,26403,86.92,11004832.0,-0.001149
2022-12-21,DIS,26403,86.92,11004832.0,-0.001149
2022-12-21,DIS,26403,86.92,11004832.0,-0.001149
2022-12-21,DIS,26403,86.92,11004832.0,-0.001149
2022-12-22,DIS,26403,86.67,15487370.0,-0.002876
2022-12-22,DIS,26403,86.67,15487370.0,-0.002876
2022-12-22,DIS,26403,86.67,15487370.0,-0.002876
2022-12-22,DIS,26403,86.67,15487370.0,-0.002876
2022-12-22,DIS,26403,86.67,15487370.0,-0.002876
2022-12-22,DIS,26403,86.67,15487370.0,-0.002876
2022-12-22,DIS,26403,86.67,15487370.0,-0.002876
2022-12-22,DIS,26403,86.67,15487370.0,-0.002876
2022-12-22,DIS,26403,86.67,15487370.0,-0.002876
2022-12-23,DIS,26403,88.01,11171606.0,0.015461
2022-12-23,DIS,26403,88.01,11171606.0,0.015461
2022-12-23,DIS,26403,88.01,11171606.0,0.015461
2022-12-23,DIS,26403,88.01,11171606.0,0.015461
2022-12-23,DIS,26403,88.01,11171606.0,0.015461
2022-12-23,DIS,26403,88.01,11171606.0,0.015461
2022-12-23,DIS,26403,88.01,11171606.0,0.015461
2022-12-23,DIS,26403,88.01,11171606.0,0.015461
2022-12-23,DIS,26403,88.01,11171606.0,0.015461
2022-12-27,DIS,26403,86.37,11561448.0,-0.018634
2022-12-27,DIS,26403,86.37,11561448.0,-0.018634
2022-12-27,DIS,26403,86.37,11561448.0,-0.018634
2022-12-27,DIS,26403,86.37,11561448.0,-0.018634
2022-12-27,DIS,26403,86.37,11561448.0,-0.018634
2022-12-27,DIS,26403,86.37,11561448.0,-0.018634
2022-12-27,DIS,26403,86.37,11561448.0,-0.018634
2022-12-27,DIS,26403,86.37,11561448.0,-0.018634
2022-12-27,DIS,26403,86.37,11561448.0,-0.018634
2022-12-28,DIS,26403,84.17,12399508.0,-0.025472
2022-12-28,DIS,26403,84.17,12399508.0,-0.025472
2022-12-28,DIS,26403,84.17,12399508.0,-0.025472
2022-12-28,DIS,26403,84.17,12399508.0,-0.025472
2022-12-28,DIS,26403,84.17,12399508.0,-0.025472
2022-12-28,DIS,26403,84.17,12399508.0,-0.025472
2022-12-28,DIS,26403,84.17,12399508.0,-0.025472
2022-12-28,DIS,26403,84.17,12399508.0,-0.025472
2022-12-28,DIS,26403,84.17,12399508.0,-0.025472
2022-12-29,DIS,26403,87.18,13045069.0,0.035761
2022-12-29,DIS,26403,87.18,13045069.0,0.035761
2022-12-29,DIS,26403,87.18,13045069.0,0.035761
2022-12-29,DIS,26403,87.18,13045069.0,0.035761
2022-12-29,DIS,26403,87.18,13045069.0,0.035761
2022-12-29,DIS,26403,87.18,13045069.0,0.035761
2022-12-29,DIS,26403,87.18,13045069.0,0.035761
2022-12-29,DIS,26403,87.18,13045069.0,0.035761
2022-12-29,DIS,26403,87.18,13045069.0,0.035761
2022-12-30,DIS,26403,86.88,23230967.0,-0.003441
2022-12-30,DIS,26403,86.88,23230967.0,-0.003441
2022-12-30,DIS,26403,86.88,23230967.0,-0.003441
2022-12-30,DIS,26403,86.88,23230967.0,-0.003441
2022-12-30,DIS,26403,86.88,23230967.0,-0.003441
2022-12-30,DIS,26403,86.88,23230967.0,-0.003441
2022-12-30,DIS,26403,86.88,23230967.0,-0.003441
2022-12-30,DIS,26403,86.88,23230967.0,-0.003441
2022-12-30,DIS,26403,86.88,23230967.0,-0.003441
2023-01-03,DIS,26403,88.97,14997142.0,0.024056
2023-01-03,DIS,26403,88.97,14997142.0,0.024056
2023-01-03,DIS,26403,88.97,14997142.0,0.024056
2023-01-03,DIS,26403,88.97,14997142.0,0.024056
2023-01-03,DIS,26403,88.97,14997142.0,0.024056
2023-01-03,DIS,26403,88.97,14997142.0,0.024056
2023-01-03,DIS,26403,88.97,14997142.0,0.024056
2023-01-03,DIS,26403,88.97,14997142.0,0.024056
2023-01-03,DIS,26403,88.97,14997142.0,0.024056
2023-01-04,DIS,26403,91.98,14957213.0,0.033832
2023-01-04,DIS,26403,91.98,14957213.0,0.033832
2023-01-04,DIS,26403,91.98,14957213.0,0.033832
2023-01-04,DIS,26403,91.98,14957213.0,0.033832
2023-01-04,DIS,26403,91.98,14957213.0,0.033832
2023-01-04,DIS,26403,91.98,14957213.0,0.033832
2023-01-04,DIS,26403,91.98,14957213.0,0.033832
2023-01-04,DIS,26403,91.98,14957213.0,0.033832
2023-01-04,DIS,26403,91.98,14957213.0,0.033832
2023-01-05,DIS,26403,91.92,11622620.0,-0.000652
2023-01-05,DIS,26403,91.92,11622620.0,-0.000652
2023-01-05,DIS,26403,91.92,11622620.0,-0.000652
2023-01-05,DIS,26403,91.92,11622620.0,-0.000652
2023-01-05,DIS,26403,91.92,11622620.0,-0.000652
2023-01-05,DIS,26403,91.92,11622620.0,-0.000652
2023-01-05,DIS,26403,91.92,11622620.0,-0.000652
2023-01-05,DIS,26403,91.92,11622620.0,-0.000652
2023-01-05,DIS,26403,91.92,11622620.0,-0.000652
2023-01-06,DIS,26403,93.92,9828145.0,0.021758
2023-01-06,DIS,26403,93.92,9828145.0,0.021758
2023-01-06,DIS,26403,93.92,9828145.0,0.021758
2023-01-06,DIS,26403,93.92,9828145.0,0.021758
2023-01-06,DIS,26403,93.92,9828145.0,0.021758
2023-01-06,DIS,26403,93.92,9828145.0,0.021758
2023-01-06,DIS,26403,93.92,9828145.0,0.021758
2023-01-06,DIS,26403,93.92,9828145.0,0.021758
2023-01-06,DIS,26403,93.92,9828145.0,0.021758
2023-01-09,DIS,26403,94.77,11675842.0,0.00905
2023-01-09,DIS,26403,94.77,11675842.0,0.00905
2023-01-09,DIS,26403,94.77,11675842.0,0.00905
2023-01-09,DIS,26403,94.77,11675842.0,0.00905
2023-01-09,DIS,26403,94.77,11675842.0,0.00905
2023-01-09,DIS,26403,94.77,11675842.0,0.00905
2023-01-09,DIS,26403,94.77,11675842.0,0.00905
2023-01-09,DIS,26403,94.77,11675842.0,0.00905
2023-01-09,DIS,26403,94.77,11675842.0,0.00905
2023-01-10,DIS,26403,95.56,6914633.0,0.008336
2023-01-10,DIS,26403,95.56,6914633.0,0.008336
2023-01-10,DIS,26403,95.56,6914633.0,0.008336
2023-01-10,DIS,26403,95.56,6914633.0,0.008336
2023-01-10,DIS,26403,95.56,6914633.0,0.008336
2023-01-10,DIS,26403,95.56,6914633.0,0.008336
2023-01-10,DIS,26403,95.56,6914633.0,0.008336
2023-01-10,DIS,26403,95.56,6914633.0,0.008336
2023-01-10,DIS,26403,95.56,6914633.0,0.008336
2023-01-11,DIS,26403,96.33,8757251.0,0.008058
2023-01-11,DIS,26403,96.33,8757251.0,0.008058
2023-01-11,DIS,26403,96.33,8757251.0,0.008058
2023-01-11,DIS,26403,96.33,8757251.0,0.008058
2023-01-11,DIS,26403,96.33,8757251.0,0.008058
2023-01-11,DIS,26403,96.33,8757251.0,0.008058
2023-01-11,DIS,26403,96.33,8757251.0,0.008058
2023-01-11,DIS,26403,96.33,8757251.0,0.008058
2023-01-11,DIS,26403,96.33,8757251.0,0.008058
2023-01-12,DIS,26403,99.81,19764324.0,0.036126
2023-01-12,DIS,26403,99.81,19764324.0,0.036126
2023-01-12,DIS,26403,99.81,19764324.0,0.036126
2023-01-12,DIS,26403,99.81,19764324.0,0.036126
2023-01-12,DIS,26403,99.81,19764324.0,0.036126
2023-01-12,DIS,26403,99.81,19764324.0,0.036126
2023-01-12,DIS,26403,99.81,19764324.0,0.036126
2023-01-12,DIS,26403,99.81,19764324.0,0.036126
2023-01-12,DIS,26403,99.81,19764324.0,0.036126
2023-01-13,DIS,26403,99.4,12230196.0,-0.004108
2023-01-13,DIS,26403,99.4,12230196.0,-0.004108
2023-01-13,DIS,26403,99.4,12230196.0,-0.004108
2023-01-13,DIS,26403,99.4,12230196.0,-0.004108
2023-01-13,DIS,26403,99.4,12230196.0,-0.004108
2023-01-13,DIS,26403,99.4,12230196.0,-0.004108
2023-01-13,DIS,26403,99.4,12230196.0,-0.004108
2023-01-13,DIS,26403,99.4,12230196.0,-0.004108
2023-01-13,DIS,26403,99.4,12230196.0,-0.004108
2023-01-17,DIS,26403,99.91,14914197.0,0.005131
2023-01-17,DIS,26403,99.91,14914197.0,0.005131
2023-01-17,DIS,26403,99.91,14914197.0,0.005131
2023-01-17,DIS,26403,99.91,14914197.0,0.005131
2023-01-17,DIS,26403,99.91,14914197.0,0.005131
2023-01-17,DIS,26403,99.91,14914197.0,0.005131
2023-01-17,DIS,26403,99.91,14914197.0,0.005131
2023-01-17,DIS,26403,99.91,14914197.0,0.005131
2023-01-17,DIS,26403,99.91,14914197.0,0.005131
2023-01-18,DIS,26403,99.04,11384536.0,-0.008708
2023-01-18,DIS,26403,99.04,11384536.0,-0.008708
2023-01-18,DIS,26403,99.04,11384536.0,-0.008708
2023-01-18,DIS,26403,99.04,11384536.0,-0.008708
2023-01-18,DIS,26403,99.04,11384536.0,-0.008708
2023-01-18,DIS,26403,99.04,11384536.0,-0.008708
2023-01-18,DIS,26403,99.04,11384536.0,-0.008708
2023-01-18,DIS,26403,99.04,11384536.0,-0.008708
2023-01-18,DIS,26403,99.04,11384536.0,-0.008708
2023-01-19,DIS,26403,99.08,10973553.0,0.000404
2023-01-19,DIS,26403,99.08,10973553.0,0.000404
2023-01-19,DIS,26403,99.08,10973553.0,0.000404
2023-01-19,DIS,26403,99.08,10973553.0,0.000404
2023-01-19,DIS,26403,99.08,10973553.0,0.000404
2023-01-19,DIS,26403,99.08,10973553.0,0.000404
2023-01-19,DIS,26403,99.08,10973553.0,0.000404
2023-01-19,DIS,26403,99.08,10973553.0,0.000404
2023-01-19,DIS,26403,99.08,10973553.0,0.000404
2023-01-20,DIS,26403,103.48,14549879.0,0.044409
2023-01-20,DIS,26403,103.48,14549879.0,0.044409
2023-01-20,DIS,26403,103.48,14549879.0,0.044409
2023-01-20,DIS,26403,103.48,14549879.0,0.044409
2023-01-20,DIS,26403,103.48,14549879.0,0.044409
2023-01-20,DIS,26403,103.48,14549879.0,0.044409
2023-01-20,DIS,26403,103.48,14549879.0,0.044409
2023-01-20,DIS,26403,103.48,14549879.0,0.044409
2023-01-20,DIS,26403,103.48,14549879.0,0.044409
2023-01-23,DIS,26403,105.69,11479075.0,0.021357
2023-01-23,DIS,26403,105.69,11479075.0,0.021357
2023-01-23,DIS,26403,105.69,11479075.0,0.021357
2023-01-23,DIS,26403,105.69,11479075.0,0.021357
2023-01-23,DIS,26403,105.69,11479075.0,0.021357
2023-01-23,DIS,26403,105.69,11479075.0,0.021357
2023-01-23,DIS,26403,105.69,11479075.0,0.021357
2023-01-23,DIS,26403,105.69,11479075.0,0.021357
2023-01-23,DIS,26403,105.69,11479075.0,0.021357
2023-01-24,DIS,26403,106.0,8606723.0,0.002933
2023-01-24,DIS,26403,106.0,8606723.0,0.002933
2023-01-24,DIS,26403,106.0,8606723.0,0.002933
2023-01-24,DIS,26403,106.0,8606723.0,0.002933
2023-01-24,DIS,26403,106.0,8606723.0,0.002933
2023-01-24,DIS,26403,106.0,8606723.0,0.002933
2023-01-24,DIS,26403,106.0,8606723.0,0.002933
2023-01-24,DIS,26403,106.0,8606723.0,0.002933
2023-01-24,DIS,26403,106.0,8606723.0,0.002933
2023-01-25,DIS,26403,108.12,10008035.0,0.02
2023-01-25,DIS,26403,108.12,10008035.0,0.02
2023-01-25,DIS,26403,108.12,10008035.0,0.02
2023-01-25,DIS,26403,108.12,10008035.0,0.02
2023-01-25,DIS,26403,108.12,10008035.0,0.02
2023-01-25,DIS,26403,108.12,10008035.0,0.02
2023-01-25,DIS,26403,108.12,10008035.0,0.02
2023-01-25,DIS,26403,108.12,10008035.0,0.02
2023-01-25,DIS,26403,108.12,10008035.0,0.02
2023-01-26,DIS,26403,109.7,9204417.0,0.014613
2023-01-26,DIS,26403,109.7,9204417.0,0.014613
2023-01-26,DIS,26403,109.7,9204417.0,0.014613
2023-01-26,DIS,26403,109.7,9204417.0,0.014613
2023-01-26,DIS,26403,109.7,9204417.0,0.014613
2023-01-26,DIS,26403,109.7,9204417.0,0.014613
2023-01-26,DIS,26403,109.7,9204417.0,0.014613
2023-01-26,DIS,26403,109.7,9204417.0,0.014613
2023-01-26,DIS,26403,109.7,9204417.0,0.014613
2023-01-27,DIS,26403,109.54,10249678.0,-0.001458
2023-01-27,DIS,26403,109.54,10249678.0,-0.001458
2023-01-27,DIS,26403,109.54,10249678.0,-0.001458
2023-01-27,DIS,26403,109.54,10249678.0,-0.001458
2023-01-27,DIS,26403,109.54,10249678.0,-0.001458
2023-01-27,DIS,26403,109.54,10249678.0,-0.001458
2023-01-27,DIS,26403,109.54,10249678.0,-0.001458
2023-01-27,DIS,26403,109.54,10249678.0,-0.001458
2023-01-27,DIS,26403,109.54,10249678.0,-0.001458
2023-01-30,DIS,26403,107.59,8548547.0,-0.017802
2023-01-30,DIS,26403,107.59,8548547.0,-0.017802
2023-01-30,DIS,26403,107.59,8548547.0,-0.017802
2023-01-30,DIS,26403,107.59,8548547.0,-0.017802
2023-01-30,DIS,26403,107.59,8548547.0,-0.017802
2023-01-30,DIS,26403,107.59,8548547.0,-0.017802
2023-01-30,DIS,26403,107.59,8548547.0,-0.017802
2023-01-30,DIS,26403,107.59,8548547.0,-0.017802
2023-01-30,DIS,26403,107.59,8548547.0,-0.017802
2023-01-31,DIS,26403,108.49,8251663.0,0.008365
2023-01-31,DIS,26403,108.49,8251663.0,0.008365
2023-01-31,DIS,26403,108.49,8251663.0,0.008365
2023-01-31,DIS,26403,108.49,8251663.0,0.008365
2023-01-31,DIS,26403,108.49,8251663.0,0.008365
2023-01-31,DIS,26403,108.49,8251663.0,0.008365
2023-01-31,DIS,26403,108.49,8251663.0,0.008365
2023-01-31,DIS,26403,108.49,8251663.0,0.008365
2023-01-31,DIS,26403,108.49,8251663.0,0.008365
2023-02-01,DIS,26403,109.39,9975481.0,0.008296
2023-02-01,DIS,26403,109.39,9975481.0,0.008296
2023-02-01,DIS,26403,109.39,9975481.0,0.008296
2023-02-01,DIS,26403,109.39,9975481.0,0.008296
2023-02-01,DIS,26403,109.39,9975481.0,0.008296
2023-02-01,DIS,26403,109.39,9975481.0,0.008296
2023-02-01,DIS,26403,109.39,9975481.0,0.008296
2023-02-01,DIS,26403,109.39,9975481.0,0.008296
2023-02-01,DIS,26403,109.39,9975481.0,0.008296
2023-02-02,DIS,26403,113.21,13093205.0,0.034921
2023-02-02,DIS,26403,113.21,13093205.0,0.034921
2023-02-02,DIS,26403,113.21,13093205.0,0.034921
2023-02-02,DIS,26403,113.21,13093205.0,0.034921
2023-02-02,DIS,26403,113.21,13093205.0,0.034921
2023-02-02,DIS,26403,113.21,13093205.0,0.034921
2023-02-02,DIS,26403,113.21,13093205.0,0.034921
2023-02-02,DIS,26403,113.21,13093205.0,0.034921
2023-02-02,DIS,26403,113.21,13093205.0,0.034921
2023-02-03,DIS,26403,110.71,12472478.0,-0.022083
2023-02-03,DIS,26403,110.71,12472478.0,-0.022083
2023-02-03,DIS,26403,110.71,12472478.0,-0.022083
2023-02-03,DIS,26403,110.71,12472478.0,-0.022083
2023-02-03,DIS,26403,110.71,12472478.0,-0.022083
2023-02-03,DIS,26403,110.71,12472478.0,-0.022083
2023-02-03,DIS,26403,110.71,12472478.0,-0.022083
2023-02-03,DIS,26403,110.71,12472478.0,-0.022083
2023-02-03,DIS,26403,110.71,12472478.0,-0.022083
2023-02-06,DIS,26403,109.87,11956540.0,-0.007587
2023-02-06,DIS,26403,109.87,11956540.0,-0.007587
2023-02-06,DIS,26403,109.87,11956540.0,-0.007587
2023-02-06,DIS,26403,109.87,11956540.0,-0.007587
2023-02-06,DIS,26403,109.87,11956540.0,-0.007587
2023-02-06,DIS,26403,109.87,11956540.0,-0.007587
2023-02-06,DIS,26403,109.87,11956540.0,-0.007587
2023-02-06,DIS,26403,109.87,11956540.0,-0.007587
2023-02-06,DIS,26403,109.87,11956540.0,-0.007587
2023-02-07,DIS,26403,111.63,10843984.0,0.016019
2023-02-07,DIS,26403,111.63,10843984.0,0.016019
2023-02-07,DIS,26403,111.63,10843984.0,0.016019
2023-02-07,DIS,26403,111.63,10843984.0,0.016019
2023-02-07,DIS,26403,111.63,10843984.0,0.016019
2023-02-07,DIS,26403,111.63,10843984.0,0.016019
2023-02-07,DIS,26403,111.63,10843984.0,0.016019
2023-02-07,DIS,26403,111.63,10843984.0,0.016019
2023-02-07,DIS,26403,111.63,10843984.0,0.016019
2023-02-08,DIS,26403,111.78,27719920.0,0.001344
2023-02-08,DIS,26403,111.78,27719920.0,0.001344
2023-02-08,DIS,26403,111.78,27719920.0,0.001344
2023-02-08,DIS,26403,111.78,27719920.0,0.001344
2023-02-08,DIS,26403,111.78,27719920.0,0.001344
2023-02-08,DIS,26403,111.78,27719920.0,0.001344
2023-02-08,DIS,26403,111.78,27719920.0,0.001344
2023-02-08,DIS,26403,111.78,27719920.0,0.001344
2023-02-08,DIS,26403,111.78,27719920.0,0.001344
2023-02-09,DIS,26403,110.36,46137152.0,-0.012704
2023-02-09,DIS,26403,110.36,46137152.0,-0.012704
2023-02-09,DIS,26403,110.36,46137152.0,-0.012704
2023-02-09,DIS,26403,110.36,46137152.0,-0.012704
2023-02-09,DIS,26403,110.36,46137152.0,-0.012704
2023-02-09,DIS,26403,110.36,46137152.0,-0.012704
2023-02-09,DIS,26403,110.36,46137152.0,-0.012704
2023-02-09,DIS,26403,110.36,46137152.0,-0.012704
2023-02-09,DIS,26403,110.36,46137152.0,-0.012704
2023-02-10,DIS,26403,108.06,15565987.0,-0.020841
2023-02-10,DIS,26403,108.06,15565987.0,-0.020841
2023-02-10,DIS,26403,108.06,15565987.0,-0.020841
2023-02-10,DIS,26403,108.06,15565987.0,-0.020841
2023-02-10,DIS,26403,108.06,15565987.0,-0.020841
2023-02-10,DIS,26403,108.06,15565987.0,-0.020841
2023-02-10,DIS,26403,108.06,15565987.0,-0.020841
2023-02-10,DIS,26403,108.06,15565987.0,-0.020841
2023-02-10,DIS,26403,108.06,15565987.0,-0.020841
2023-02-13,DIS,26403,107.66,12341484.0,-0.003702
2023-02-13,DIS,26403,107.66,12341484.0,-0.003702
2023-02-13,DIS,26403,107.66,12341484.0,-0.003702
2023-02-13,DIS,26403,107.66,12341484.0,-0.003702
2023-02-13,DIS,26403,107.66,12341484.0,-0.003702
2023-02-13,DIS,26403,107.66,12341484.0,-0.003702
2023-02-13,DIS,26403,107.66,12341484.0,-0.003702
2023-02-13,DIS,26403,107.66,12341484.0,-0.003702
2023-02-13,DIS,26403,107.66,12341484.0,-0.003702
2023-02-14,DIS,26403,107.66,10768102.0,0.0
2023-02-14,DIS,26403,107.66,10768102.0,0.0
2023-02-14,DIS,26403,107.66,10768102.0,0.0
2023-02-14,DIS,26403,107.66,10768102.0,0.0
2023-02-14,DIS,26403,107.66,10768102.0,0.0
2023-02-14,DIS,26403,107.66,10768102.0,0.0
2023-02-14,DIS,26403,107.66,10768102.0,0.0
2023-02-14,DIS,26403,107.66,10768102.0,0.0
2023-02-14,DIS,26403,107.66,10768102.0,0.0
2023-02-15,DIS,26403,109.24,8163490.0,0.014676
2023-02-15,DIS,26403,109.24,8163490.0,0.014676
2023-02-15,DIS,26403,109.24,8163490.0,0.014676
2023-02-15,DIS,26403,109.24,8163490.0,0.014676
2023-02-15,DIS,26403,109.24,8163490.0,0.014676
2023-02-15,DIS,26403,109.24,8163490.0,0.014676
2023-02-15,DIS,26403,109.24,8163490.0,0.014676
2023-02-15,DIS,26403,109.24,8163490.0,0.014676
2023-02-15,DIS,26403,109.24,8163490.0,0.014676
2023-02-16,DIS,26403,105.83,9479922.0,-0.031216
2023-02-16,DIS,26403,105.83,9479922.0,-0.031216
2023-02-16,DIS,26403,105.83,9479922.0,-0.031216
2023-02-16,DIS,26403,105.83,9479922.0,-0.031216
2023-02-16,DIS,26403,105.83,9479922.0,-0.031216
2023-02-16,DIS,26403,105.83,9479922.0,-0.031216
2023-02-16,DIS,26403,105.83,9479922.0,-0.031216
2023-02-16,DIS,26403,105.83,9479922.0,-0.031216
2023-02-16,DIS,26403,105.83,9479922.0,-0.031216
2023-02-17,DIS,26403,105.22,9492184.0,-0.005764
2023-02-17,DIS,26403,105.22,9492184.0,-0.005764
2023-02-17,DIS,26403,105.22,9492184.0,-0.005764
2023-02-17,DIS,26403,105.22,9492184.0,-0.005764
2023-02-17,DIS,26403,105.22,9492184.0,-0.005764
2023-02-17,DIS,26403,105.22,9492184.0,-0.005764
2023-02-17,DIS,26403,105.22,9492184.0,-0.005764
2023-02-17,DIS,26403,105.22,9492184.0,-0.005764
2023-02-17,DIS,26403,105.22,9492184.0,-0.005764
2023-02-21,DIS,26403,102.09,10648205.0,-0.029747
2023-02-21,DIS,26403,102.09,10648205.0,-0.029747
2023-02-21,DIS,26403,102.09,10648205.0,-0.029747
2023-02-21,DIS,26403,102.09,10648205.0,-0.029747
2023-02-21,DIS,26403,102.09,10648205.0,-0.029747
2023-02-21,DIS,26403,102.09,10648205.0,-0.029747
2023-02-21,DIS,26403,102.09,10648205.0,-0.029747
2023-02-21,DIS,26403,102.09,10648205.0,-0.029747
2023-02-21,DIS,26403,102.09,10648205.0,-0.029747
2023-02-22,DIS,26403,101.68,9885101.0,-0.004016
2023-02-22,DIS,26403,101.68,9885101.0,-0.004016
2023-02-22,DIS,26403,101.68,9885101.0,-0.004016
2023-02-22,DIS,26403,101.68,9885101.0,-0.004016
2023-02-22,DIS,26403,101.68,9885101.0,-0.004016
2023-02-22,DIS,26403,101.68,9885101.0,-0.004016
2023-02-22,DIS,26403,101.68,9885101.0,-0.004016
2023-02-22,DIS,26403,101.68,9885101.0,-0.004016
2023-02-22,DIS,26403,101.68,9885101.0,-0.004016
2023-02-23,DIS,26403,101.73,10974753.0,0.000492
2023-02-23,DIS,26403,101.73,10974753.0,0.000492
2023-02-23,DIS,26403,101.73,10974753.0,0.000492
2023-02-23,DIS,26403,101.73,10974753.0,0.000492
2023-02-23,DIS,26403,101.73,10974753.0,0.000492
2023-02-23,DIS,26403,101.73,10974753.0,0.000492
2023-02-23,DIS,26403,101.73,10974753.0,0.000492
2023-02-23,DIS,26403,101.73,10974753.0,0.000492
2023-02-23,DIS,26403,101.73,10974753.0,0.000492
2023-02-24,DIS,26403,100.3,8523000.0,-0.014057
2023-02-24,DIS,26403,100.3,8523000.0,-0.014057
2023-02-24,DIS,26403,100.3,8523000.0,-0.014057
2023-02-24,DIS,26403,100.3,8523000.0,-0.014057
2023-02-24,DIS,26403,100.3,8523000.0,-0.014057
2023-02-24,DIS,26403,100.3,8523000.0,-0.014057
2023-02-24,DIS,26403,100.3,8523000.0,-0.014057
2023-02-24,DIS,26403,100.3,8523000.0,-0.014057
2023-02-24,DIS,26403,100.3,8523000.0,-0.014057
2023-02-27,DIS,26403,100.45,6641212.0,0.001495
2023-02-27,DIS,26403,100.45,6641212.0,0.001495
2023-02-27,DIS,26403,100.45,6641212.0,0.001495
2023-02-27,DIS,26403,100.45,6641212.0,0.001495
2023-02-27,DIS,26403,100.45,6641212.0,0.001495
2023-02-27,DIS,26403,100.45,6641212.0,0.001495
2023-02-27,DIS,26403,100.45,6641212.0,0.001495
2023-02-27,DIS,26403,100.45,6641212.0,0.001495
2023-02-27,DIS,26403,100.45,6641212.0,0.001495
2023-02-28,DIS,26403,99.61,8233743.0,-0.008362
2023-02-28,DIS,26403,99.61,8233743.0,-0.008362
2023-02-28,DIS,26403,99.61,8233743.0,-0.008362
2023-02-28,DIS,26403,99.61,8233743.0,-0.008362
2023-02-28,DIS,26403,99.61,8233743.0,-0.008362
2023-02-28,DIS,26403,99.61,8233743.0,-0.008362
2023-02-28,DIS,26403,99.61,8233743.0,-0.008362
2023-02-28,DIS,26403,99.61,8233743.0,-0.008362
2023-02-28,DIS,26403,99.61,8233743.0,-0.008362
2023-03-01,DIS,26403,98.54,7898251.0,-0.010742
2023-03-01,DIS,26403,98.54,7898251.0,-0.010742
2023-03-01,DIS,26403,98.54,7898251.0,-0.010742
2023-03-01,DIS,26403,98.54,7898251.0,-0.010742
2023-03-01,DIS,26403,98.54,7898251.0,-0.010742
2023-03-01,DIS,26403,98.54,7898251.0,-0.010742
2023-03-01,DIS,26403,98.54,7898251.0,-0.010742
2023-03-01,DIS,26403,98.54,7898251.0,-0.010742
2023-03-01,DIS,26403,98.54,7898251.0,-0.010742
2023-03-02,DIS,26403,98.92,7783130.0,0.003856
2023-03-02,DIS,26403,98.92,7783130.0,0.003856
2023-03-02,DIS,26403,98.92,7783130.0,0.003856
2023-03-02,DIS,26403,98.92,7783130.0,0.003856
2023-03-02,DIS,26403,98.92,7783130.0,0.003856
2023-03-02,DIS,26403,98.92,7783130.0,0.003856
2023-03-02,DIS,26403,98.92,7783130.0,0.003856
2023-03-02,DIS,26403,98.92,7783130.0,0.003856
2023-03-02,DIS,26403,98.92,7783130.0,0.003856
2023-03-03,DIS,26403,101.14,7434264.0,0.022442
2023-03-03,DIS,26403,101.14,7434264.0,0.022442
2023-03-03,DIS,26403,101.14,7434264.0,0.022442
2023-03-03,DIS,26403,101.14,7434264.0,0.022442
2023-03-03,DIS,26403,101.14,7434264.0,0.022442
2023-03-03,DIS,26403,101.14,7434264.0,0.022442
2023-03-03,DIS,26403,101.14,7434264.0,0.022442
2023-03-03,DIS,26403,101.14,7434264.0,0.022442
2023-03-03,DIS,26403,101.14,7434264.0,0.022442
2023-03-06,DIS,26403,100.66,6773261.0,-0.004746
2023-03-06,DIS,26403,100.66,6773261.0,-0.004746
2023-03-06,DIS,26403,100.66,6773261.0,-0.004746
2023-03-06,DIS,26403,100.66,6773261.0,-0.004746
2023-03-06,DIS,26403,100.66,6773261.0,-0.004746
2023-03-06,DIS,26403,100.66,6773261.0,-0.004746
2023-03-06,DIS,26403,100.66,6773261.0,-0.004746
2023-03-06,DIS,26403,100.66,6773261.0,-0.004746
2023-03-06,DIS,26403,100.66,6773261.0,-0.004746
2023-03-07,DIS,26403,99.06,6951340.0,-0.015895
2023-03-07,DIS,26403,99.06,6951340.0,-0.015895
2023-03-07,DIS,26403,99.06,6951340.0,-0.015895
2023-03-07,DIS,26403,99.06,6951340.0,-0.015895
2023-03-07,DIS,26403,99.06,6951340.0,-0.015895
2023-03-07,DIS,26403,99.06,6951340.0,-0.015895
2023-03-07,DIS,26403,99.06,6951340.0,-0.015895
2023-03-07,DIS,26403,99.06,6951340.0,-0.015895
2023-03-07,DIS,26403,99.06,6951340.0,-0.015895
2023-03-08,DIS,26403,99.3,5668738.0,0.002423
2023-03-08,DIS,26403,99.3,5668738.0,0.002423
2023-03-08,DIS,26403,99.3,5668738.0,0.002423
2023-03-08,DIS,26403,99.3,5668738.0,0.002423
2023-03-08,DIS,26403,99.3,5668738.0,0.002423
2023-03-08,DIS,26403,99.3,5668738.0,0.002423
2023-03-08,DIS,26403,99.3,5668738.0,0.002423
2023-03-08,DIS,26403,99.3,5668738.0,0.002423
2023-03-08,DIS,26403,99.3,5668738.0,0.002423
2023-03-09,DIS,26403,96.14,8275586.0,-0.031823
2023-03-09,DIS,26403,96.14,8275586.0,-0.031823
2023-03-09,DIS,26403,96.14,8275586.0,-0.031823
2023-03-09,DIS,26403,96.14,8275586.0,-0.031823
2023-03-09,DIS,26403,96.14,8275586.0,-0.031823
2023-03-09,DIS,26403,96.14,8275586.0,-0.031823
2023-03-09,DIS,26403,96.14,8275586.0,-0.031823
2023-03-09,DIS,26403,96.14,8275586.0,-0.031823
2023-03-09,DIS,26403,96.14,8275586.0,-0.031823
2023-03-10,DIS,26403,93.57,13978845.0,-0.026732
2023-03-10,DIS,26403,93.57,13978845.0,-0.026732
2023-03-10,DIS,26403,93.57,13978845.0,-0.026732
2023-03-10,DIS,26403,93.57,13978845.0,-0.026732
2023-03-10,DIS,26403,93.57,13978845.0,-0.026732
2023-03-10,DIS,26403,93.57,13978845.0,-0.026732
2023-03-10,DIS,26403,93.57,13978845.0,-0.026732
2023-03-10,DIS,26403,93.57,13978845.0,-0.026732
2023-03-10,DIS,26403,93.57,13978845.0,-0.026732
2023-03-13,DIS,26403,92.6,11915321.0,-0.010367
2023-03-13,DIS,26403,92.6,11915321.0,-0.010367
2023-03-13,DIS,26403,92.6,11915321.0,-0.010367
2023-03-13,DIS,26403,92.6,11915321.0,-0.010367
2023-03-13,DIS,26403,92.6,11915321.0,-0.010367
2023-03-13,DIS,26403,92.6,11915321.0,-0.010367
2023-03-13,DIS,26403,92.6,11915321.0,-0.010367
2023-03-13,DIS,26403,92.6,11915321.0,-0.010367
2023-03-13,DIS,26403,92.6,11915321.0,-0.010367
2023-03-14,DIS,26403,93.36,10323627.0,0.008207
2023-03-14,DIS,26403,93.36,10323627.0,0.008207
2023-03-14,DIS,26403,93.36,10323627.0,0.008207
2023-03-14,DIS,26403,93.36,10323627.0,0.008207
2023-03-14,DIS,26403,93.36,10323627.0,0.008207
2023-03-14,DIS,26403,93.36,10323627.0,0.008207
2023-03-14,DIS,26403,93.36,10323627.0,0.008207
2023-03-14,DIS,26403,93.36,10323627.0,0.008207
2023-03-14,DIS,26403,93.36,10323627.0,0.008207
2023-03-15,DIS,26403,93.1,9543836.0,-0.002785
2023-03-15,DIS,26403,93.1,9543836.0,-0.002785
2023-03-15,DIS,26403,93.1,9543836.0,-0.002785
2023-03-15,DIS,26403,93.1,9543836.0,-0.002785
2023-03-15,DIS,26403,93.1,9543836.0,-0.002785
2023-03-15,DIS,26403,93.1,9543836.0,-0.002785
2023-03-15,DIS,26403,93.1,9543836.0,-0.002785
2023-03-15,DIS,26403,93.1,9543836.0,-0.002785
2023-03-15,DIS,26403,93.1,9543836.0,-0.002785
2023-03-16,DIS,26403,94.29,9946678.0,0.012782
2023-03-16,DIS,26403,94.29,9946678.0,0.012782
2023-03-16,DIS,26403,94.29,9946678.0,0.012782
2023-03-16,DIS,26403,94.29,9946678.0,0.012782
2023-03-16,DIS,26403,94.29,9946678.0,0.012782
2023-03-16,DIS,26403,94.29,9946678.0,0.012782
2023-03-16,DIS,26403,94.29,9946678.0,0.012782
2023-03-16,DIS,26403,94.29,9946678.0,0.012782
2023-03-16,DIS,26403,94.29,9946678.0,0.012782
2023-03-17,DIS,26403,93.2,12943192.0,-0.01156
2023-03-17,DIS,26403,93.2,12943192.0,-0.01156
2023-03-17,DIS,26403,93.2,12943192.0,-0.01156
2023-03-17,DIS,26403,93.2,12943192.0,-0.01156
2023-03-17,DIS,26403,93.2,12943192.0,-0.01156
2023-03-17,DIS,26403,93.2,12943192.0,-0.01156
2023-03-17,DIS,26403,93.2,12943192.0,-0.01156
2023-03-17,DIS,26403,93.2,12943192.0,-0.01156
2023-03-17,DIS,26403,93.2,12943192.0,-0.01156
2023-03-20,DIS,26403,94.22,6657152.0,0.010944
2023-03-20,DIS,26403,94.22,6657152.0,0.010944
2023-03-20,DIS,26403,94.22,6657152.0,0.010944
2023-03-20,DIS,26403,94.22,6657152.0,0.010944
2023-03-20,DIS,26403,94.22,6657152.0,0.010944
2023-03-20,DIS,26403,94.22,6657152.0,0.010944
2023-03-20,DIS,26403,94.22,6657152.0,0.010944
2023-03-20,DIS,26403,94.22,6657152.0,0.010944
2023-03-20,DIS,26403,94.22,6657152.0,0.010944
2023-03-21,DIS,26403,96.54,7285766.0,0.024623
2023-03-21,DIS,26403,96.54,7285766.0,0.024623
2023-03-21,DIS,26403,96.54,7285766.0,0.024623
2023-03-21,DIS,26403,96.54,7285766.0,0.024623
2023-03-21,DIS,26403,96.54,7285766.0,0.024623
2023-03-21,DIS,26403,96.54,7285766.0,0.024623
2023-03-21,DIS,26403,96.54,7285766.0,0.024623
2023-03-21,DIS,26403,96.54,7285766.0,0.024623
2023-03-21,DIS,26403,96.54,7285766.0,0.024623
2023-03-22,DIS,26403,94.9,8811105.0,-0.016988
2023-03-22,DIS,26403,94.9,8811105.0,-0.016988
2023-03-22,DIS,26403,94.9,8811105.0,-0.016988
2023-03-22,DIS,26403,94.9,8811105.0,-0.016988
2023-03-22,DIS,26403,94.9,8811105.0,-0.016988
2023-03-22,DIS,26403,94.9,8811105.0,-0.016988
2023-03-22,DIS,26403,94.9,8811105.0,-0.016988
2023-03-22,DIS,26403,94.9,8811105.0,-0.016988
2023-03-22,DIS,26403,94.9,8811105.0,-0.016988
2023-03-23,DIS,26403,95.83,9527009.0,0.0098
2023-03-23,DIS,26403,95.83,9527009.0,0.0098
2023-03-23,DIS,26403,95.83,9527009.0,0.0098
2023-03-23,DIS,26403,95.83,9527009.0,0.0098
2023-03-23,DIS,26403,95.83,9527009.0,0.0098
2023-03-23,DIS,26403,95.83,9527009.0,0.0098
2023-03-23,DIS,26403,95.83,9527009.0,0.0098
2023-03-23,DIS,26403,95.83,9527009.0,0.0098
2023-03-23,DIS,26403,95.83,9527009.0,0.0098
2023-03-24,DIS,26403,94.08,9544154.0,-0.018262
2023-03-24,DIS,26403,94.08,9544154.0,-0.018262
2023-03-24,DIS,26403,94.08,9544154.0,-0.018262
2023-03-24,DIS,26403,94.08,9544154.0,-0.018262
2023-03-24,DIS,26403,94.08,9544154.0,-0.018262
2023-03-24,DIS,26403,94.08,9544154.0,-0.018262
2023-03-24,DIS,26403,94.08,9544154.0,-0.018262
2023-03-24,DIS,26403,94.08,9544154.0,-0.018262
2023-03-24,DIS,26403,94.08,9544154.0,-0.018262
2023-03-27,DIS,26403,95.62,7487900.0,0.016369
2023-03-27,DIS,26403,95.62,7487900.0,0.016369
2023-03-27,DIS,26403,95.62,7487900.0,0.016369
2023-03-27,DIS,26403,95.62,7487900.0,0.016369
2023-03-27,DIS,26403,95.62,7487900.0,0.016369
2023-03-27,DIS,26403,95.62,7487900.0,0.016369
2023-03-27,DIS,26403,95.62,7487900.0,0.016369
2023-03-27,DIS,26403,95.62,7487900.0,0.016369
2023-03-27,DIS,26403,95.62,7487900.0,0.016369
2023-03-28,DIS,26403,94.82,5426053.0,-0.008366
2023-03-28,DIS,26403,94.82,5426053.0,-0.008366
2023-03-28,DIS,26403,94.82,5426053.0,-0.008366
2023-03-28,DIS,26403,94.82,5426053.0,-0.008366
2023-03-28,DIS,26403,94.82,5426053.0,-0.008366
2023-03-28,DIS,26403,94.82,5426053.0,-0.008366
2023-03-28,DIS,26403,94.82,5426053.0,-0.008366
2023-03-28,DIS,26403,94.82,5426053.0,-0.008366
2023-03-28,DIS,26403,94.82,5426053.0,-0.008366
2023-03-29,DIS,26403,96.87,5889123.0,0.02162
2023-03-29,DIS,26403,96.87,5889123.0,0.02162
2023-03-29,DIS,26403,96.87,5889123.0,0.02162
2023-03-29,DIS,26403,96.87,5889123.0,0.02162
2023-03-29,DIS,26403,96.87,5889123.0,0.02162
2023-03-29,DIS,26403,96.87,5889123.0,0.02162
2023-03-29,DIS,26403,96.87,5889123.0,0.02162
2023-03-29,DIS,26403,96.87,5889123.0,0.02162
2023-03-29,DIS,26403,96.87,5889123.0,0.02162
2023-03-30,DIS,26403,98.1,7669482.0,0.012697
2023-03-30,DIS,26403,98.1,7669482.0,0.012697
2023-03-30,DIS,26403,98.1,7669482.0,0.012697
2023-03-30,DIS,26403,98.1,7669482.0,0.012697
2023-03-30,DIS,26403,98.1,7669482.0,0.012697
2023-03-30,DIS,26403,98.1,7669482.0,0.012697
2023-03-30,DIS,26403,98.1,7669482.0,0.012697
2023-03-30,DIS,26403,98.1,7669482.0,0.012697
2023-03-30,DIS,26403,98.1,7669482.0,0.012697
2023-03-31,DIS,26403,100.13,8919965.0,0.020693
2023-03-31,DIS,26403,100.13,8919965.0,0.020693
2023-03-31,DIS,26403,100.13,8919965.0,0.020693
2023-03-31,DIS,26403,100.13,8919965.0,0.020693
2023-03-31,DIS,26403,100.13,8919965.0,0.020693
2023-03-31,DIS,26403,100.13,8919965.0,0.020693
2023-03-31,DIS,26403,100.13,8919965.0,0.020693
2023-03-31,DIS,26403,100.13,8919965.0,0.020693
2023-03-31,DIS,26403,100.13,8919965.0,0.020693
2023-04-03,DIS,26403,99.76,7313201.0,-0.003695
2023-04-03,DIS,26403,99.76,7313201.0,-0.003695
2023-04-03,DIS,26403,99.76,7313201.0,-0.003695
2023-04-03,DIS,26403,99.76,7313201.0,-0.003695
2023-04-03,DIS,26403,99.76,7313201.0,-0.003695
2023-04-03,DIS,26403,99.76,7313201.0,-0.003695
2023-04-03,DIS,26403,99.76,7313201.0,-0.003695
2023-04-03,DIS,26403,99.76,7313201.0,-0.003695
2023-04-03,DIS,26403,99.76,7313201.0,-0.003695
2023-04-04,DIS,26403,99.57,6794168.0,-0.001905
2023-04-04,DIS,26403,99.57,6794168.0,-0.001905
2023-04-04,DIS,26403,99.57,6794168.0,-0.001905
2023-04-04,DIS,26403,99.57,6794168.0,-0.001905
2023-04-04,DIS,26403,99.57,6794168.0,-0.001905
2023-04-04,DIS,26403,99.57,6794168.0,-0.001905
2023-04-04,DIS,26403,99.57,6794168.0,-0.001905
2023-04-04,DIS,26403,99.57,6794168.0,-0.001905
2023-04-04,DIS,26403,99.57,6794168.0,-0.001905
2023-04-05,DIS,26403,99.91,7747230.0,0.003415
2023-04-05,DIS,26403,99.91,7747230.0,0.003415
2023-04-05,DIS,26403,99.91,7747230.0,0.003415
2023-04-05,DIS,26403,99.91,7747230.0,0.003415
2023-04-05,DIS,26403,99.91,7747230.0,0.003415
2023-04-05,DIS,26403,99.91,7747230.0,0.003415
2023-04-05,DIS,26403,99.91,7747230.0,0.003415
2023-04-05,DIS,26403,99.91,7747230.0,0.003415
2023-04-05,DIS,26403,99.91,7747230.0,0.003415
2023-04-06,DIS,26403,99.97,7042486.0,0.000601
2023-04-06,DIS,26403,99.97,7042486.0,0.000601
2023-04-06,DIS,26403,99.97,7042486.0,0.000601
2023-04-06,DIS,26403,99.97,7042486.0,0.000601
2023-04-06,DIS,26403,99.97,7042486.0,0.000601
2023-04-06,DIS,26403,99.97,7042486.0,0.000601
2023-04-06,DIS,26403,99.97,7042486.0,0.000601
2023-04-06,DIS,26403,99.97,7042486.0,0.000601
2023-04-06,DIS,26403,99.97,7042486.0,0.000601
2023-04-10,DIS,26403,100.81,8016576.0,0.008402
2023-04-10,DIS,26403,100.81,8016576.0,0.008402
2023-04-10,DIS,26403,100.81,8016576.0,0.008402
2023-04-10,DIS,26403,100.81,8016576.0,0.008402
2023-04-10,DIS,26403,100.81,8016576.0,0.008402
2023-04-10,DIS,26403,100.81,8016576.0,0.008402
2023-04-10,DIS,26403,100.81,8016576.0,0.008402
2023-04-10,DIS,26403,100.81,8016576.0,0.008402
2023-04-10,DIS,26403,100.81,8016576.0,0.008402
2023-04-11,DIS,26403,100.42,7504624.0,-0.003869
2023-04-11,DIS,26403,100.42,7504624.0,-0.003869
2023-04-11,DIS,26403,100.42,7504624.0,-0.003869
2023-04-11,DIS,26403,100.42,7504624.0,-0.003869
2023-04-11,DIS,26403,100.42,7504624.0,-0.003869
2023-04-11,DIS,26403,100.42,7504624.0,-0.003869
2023-04-11,DIS,26403,100.42,7504624.0,-0.003869
2023-04-11,DIS,26403,100.42,7504624.0,-0.003869
2023-04-11,DIS,26403,100.42,7504624.0,-0.003869
2023-04-12,DIS,26403,97.94,9289196.0,-0.024696
2023-04-12,DIS,26403,97.94,9289196.0,-0.024696
2023-04-12,DIS,26403,97.94,9289196.0,-0.024696
2023-04-12,DIS,26403,97.94,9289196.0,-0.024696
2023-04-12,DIS,26403,97.94,9289196.0,-0.024696
2023-04-12,DIS,26403,97.94,9289196.0,-0.024696
2023-04-12,DIS,26403,97.94,9289196.0,-0.024696
2023-04-12,DIS,26403,97.94,9289196.0,-0.024696
2023-04-12,DIS,26403,97.94,9289196.0,-0.024696
2023-04-13,DIS,26403,100.84,8744977.0,0.02961
2023-04-13,DIS,26403,100.84,8744977.0,0.02961
2023-04-13,DIS,26403,100.84,8744977.0,0.02961
2023-04-13,DIS,26403,100.84,8744977.0,0.02961
2023-04-13,DIS,26403,100.84,8744977.0,0.02961
2023-04-13,DIS,26403,100.84,8744977.0,0.02961
2023-04-13,DIS,26403,100.84,8744977.0,0.02961
2023-04-13,DIS,26403,100.84,8744977.0,0.02961
2023-04-13,DIS,26403,100.84,8744977.0,0.02961
2023-04-14,DIS,26403,99.9,7337250.0,-0.009322
2023-04-14,DIS,26403,99.9,7337250.0,-0.009322
2023-04-14,DIS,26403,99.9,7337250.0,-0.009322
2023-04-14,DIS,26403,99.9,7337250.0,-0.009322
2023-04-14,DIS,26403,99.9,7337250.0,-0.009322
2023-04-14,DIS,26403,99.9,7337250.0,-0.009322
2023-04-14,DIS,26403,99.9,7337250.0,-0.009322
2023-04-14,DIS,26403,99.9,7337250.0,-0.009322
2023-04-14,DIS,26403,99.9,7337250.0,-0.009322
2023-04-17,DIS,26403,100.3,6705269.0,0.004004
2023-04-17,DIS,26403,100.3,6705269.0,0.004004
2023-04-17,DIS,26403,100.3,6705269.0,0.004004
2023-04-17,DIS,26403,100.3,6705269.0,0.004004
2023-04-17,DIS,26403,100.3,6705269.0,0.004004
2023-04-17,DIS,26403,100.3,6705269.0,0.004004
2023-04-17,DIS,26403,100.3,6705269.0,0.004004
2023-04-17,DIS,26403,100.3,6705269.0,0.004004
2023-04-17,DIS,26403,100.3,6705269.0,0.004004
2023-04-18,DIS,26403,100.93,8180148.0,0.006281
2023-04-18,DIS,26403,100.93,8180148.0,0.006281
2023-04-18,DIS,26403,100.93,8180148.0,0.006281
2023-04-18,DIS,26403,100.93,8180148.0,0.006281
2023-04-18,DIS,26403,100.93,8180148.0,0.006281
2023-04-18,DIS,26403,100.93,8180148.0,0.006281
2023-04-18,DIS,26403,100.93,8180148.0,0.006281
2023-04-18,DIS,26403,100.93,8180148.0,0.006281
2023-04-18,DIS,26403,100.93,8180148.0,0.006281
2023-04-19,DIS,26403,98.75,11523307.0,-0.021599
2023-04-19,DIS,26403,98.75,11523307.0,-0.021599
2023-04-19,DIS,26403,98.75,11523307.0,-0.021599
2023-04-19,DIS,26403,98.75,11523307.0,-0.021599
2023-04-19,DIS,26403,98.75,11523307.0,-0.021599
2023-04-19,DIS,26403,98.75,11523307.0,-0.021599
2023-04-19,DIS,26403,98.75,11523307.0,-0.021599
2023-04-19,DIS,26403,98.75,11523307.0,-0.021599
2023-04-19,DIS,26403,98.75,11523307.0,-0.021599
2023-04-20,DIS,26403,98.07,7762736.0,-0.006886
2023-04-20,DIS,26403,98.07,7762736.0,-0.006886
2023-04-20,DIS,26403,98.07,7762736.0,-0.006886
2023-04-20,DIS,26403,98.07,7762736.0,-0.006886
2023-04-20,DIS,26403,98.07,7762736.0,-0.006886
2023-04-20,DIS,26403,98.07,7762736.0,-0.006886
2023-04-20,DIS,26403,98.07,7762736.0,-0.006886
2023-04-20,DIS,26403,98.07,7762736.0,-0.006886
2023-04-20,DIS,26403,98.07,7762736.0,-0.006886
2023-04-21,DIS,26403,99.57,9467979.0,0.015295
2023-04-21,DIS,26403,99.57,9467979.0,0.015295
2023-04-21,DIS,26403,99.57,9467979.0,0.015295
2023-04-21,DIS,26403,99.57,9467979.0,0.015295
2023-04-21,DIS,26403,99.57,9467979.0,0.015295
2023-04-21,DIS,26403,99.57,9467979.0,0.015295
2023-04-21,DIS,26403,99.57,9467979.0,0.015295
2023-04-21,DIS,26403,99.57,9467979.0,0.015295
2023-04-21,DIS,26403,99.57,9467979.0,0.015295
2023-04-24,DIS,26403,99.68,8540571.0,0.001105
2023-04-24,DIS,26403,99.68,8540571.0,0.001105
2023-04-24,DIS,26403,99.68,8540571.0,0.001105
2023-04-24,DIS,26403,99.68,8540571.0,0.001105
2023-04-24,DIS,26403,99.68,8540571.0,0.001105
2023-04-24,DIS,26403,99.68,8540571.0,0.001105
2023-04-24,DIS,26403,99.68,8540571.0,0.001105
2023-04-24,DIS,26403,99.68,8540571.0,0.001105
2023-04-24,DIS,26403,99.68,8540571.0,0.001105
2023-04-25,DIS,26403,98.01,6511394.0,-0.016754
2023-04-25,DIS,26403,98.01,6511394.0,-0.016754
2023-04-25,DIS,26403,98.01,6511394.0,-0.016754
2023-04-25,DIS,26403,98.01,6511394.0,-0.016754
2023-04-25,DIS,26403,98.01,6511394.0,-0.016754
2023-04-25,DIS,26403,98.01,6511394.0,-0.016754
2023-04-25,DIS,26403,98.01,6511394.0,-0.016754
2023-04-25,DIS,26403,98.01,6511394.0,-0.016754
2023-04-25,DIS,26403,98.01,6511394.0,-0.016754
2023-04-26,DIS,26403,96.61,8634531.0,-0.014284
2023-04-26,DIS,26403,96.61,8634531.0,-0.014284
2023-04-26,DIS,26403,96.61,8634531.0,-0.014284
2023-04-26,DIS,26403,96.61,8634531.0,-0.014284
2023-04-26,DIS,26403,96.61,8634531.0,-0.014284
2023-04-26,DIS,26403,96.61,8634531.0,-0.014284
2023-04-26,DIS,26403,96.61,8634531.0,-0.014284
2023-04-26,DIS,26403,96.61,8634531.0,-0.014284
2023-04-26,DIS,26403,96.61,8634531.0,-0.014284
2023-04-27,DIS,26403,99.93,8166466.0,0.034365
2023-04-27,DIS,26403,99.93,8166466.0,0.034365
2023-04-27,DIS,26403,99.93,8166466.0,0.034365
2023-04-27,DIS,26403,99.93,8166466.0,0.034365
2023-04-27,DIS,26403,99.93,8166466.0,0.034365
2023-04-27,DIS,26403,99.93,8166466.0,0.034365
2023-04-27,DIS,26403,99.93,8166466.0,0.034365
2023-04-27,DIS,26403,99.93,8166466.0,0.034365
2023-04-27,DIS,26403,99.93,8166466.0,0.034365
2023-04-28,DIS,26403,102.5,11329689.0,0.025718
2023-04-28,DIS,26403,102.5,11329689.0,0.025718
2023-04-28,DIS,26403,102.5,11329689.0,0.025718
2023-04-28,DIS,26403,102.5,11329689.0,0.025718
2023-04-28,DIS,26403,102.5,11329689.0,0.025718
2023-04-28,DIS,26403,102.5,11329689.0,0.025718
2023-04-28,DIS,26403,102.5,11329689.0,0.025718
2023-04-28,DIS,26403,102.5,11329689.0,0.025718
2023-04-28,DIS,26403,102.5,11329689.0,0.025718
2023-05-01,DIS,26403,102.21,6909535.0,-0.002829
2023-05-01,DIS,26403,102.21,6909535.0,-0.002829
2023-05-01,DIS,26403,102.21,6909535.0,-0.002829
2023-05-01,DIS,26403,102.21,6909535.0,-0.002829
2023-05-01,DIS,26403,102.21,6909535.0,-0.002829
2023-05-01,DIS,26403,102.21,6909535.0,-0.002829
2023-05-01,DIS,26403,102.21,6909535.0,-0.002829
2023-05-01,DIS,26403,102.21,6909535.0,-0.002829
2023-05-01,DIS,26403,102.21,6909535.0,-0.002829
2023-05-02,DIS,26403,100.6,6955902.0,-0.015752
2023-05-02,DIS,26403,100.6,6955902.0,-0.015752
2023-05-02,DIS,26403,100.6,6955902.0,-0.015752
2023-05-02,DIS,26403,100.6,6955902.0,-0.015752
2023-05-02,DIS,26403,100.6,6955902.0,-0.015752
2023-05-02,DIS,26403,100.6,6955902.0,-0.015752
2023-05-02,DIS,26403,100.6,6955902.0,-0.015752
2023-05-02,DIS,26403,100.6,6955902.0,-0.015752
2023-05-02,DIS,26403,100.6,6955902.0,-0.015752
2023-05-03,DIS,26403,100.86,7772064.0,0.002585
2023-05-03,DIS,26403,100.86,7772064.0,0.002585
2023-05-03,DIS,26403,100.86,7772064.0,0.002585
2023-05-03,DIS,26403,100.86,7772064.0,0.002585
2023-05-03,DIS,26403,100.86,7772064.0,0.002585
2023-05-03,DIS,26403,100.86,7772064.0,0.002585
2023-05-03,DIS,26403,100.86,7772064.0,0.002585
2023-05-03,DIS,26403,100.86,7772064.0,0.002585
2023-05-03,DIS,26403,100.86,7772064.0,0.002585
2023-05-04,DIS,26403,97.45,13260720.0,-0.033809
2023-05-04,DIS,26403,97.45,13260720.0,-0.033809
2023-05-04,DIS,26403,97.45,13260720.0,-0.033809
2023-05-04,DIS,26403,97.45,13260720.0,-0.033809
2023-05-04,DIS,26403,97.45,13260720.0,-0.033809
2023-05-04,DIS,26403,97.45,13260720.0,-0.033809
2023-05-04,DIS,26403,97.45,13260720.0,-0.033809
2023-05-04,DIS,26403,97.45,13260720.0,-0.033809
2023-05-04,DIS,26403,97.45,13260720.0,-0.033809
2023-05-05,DIS,26403,100.52,9300109.0,0.031503
2023-05-05,DIS,26403,100.52,9300109.0,0.031503
2023-05-05,DIS,26403,100.52,9300109.0,0.031503
2023-05-05,DIS,26403,100.52,9300109.0,0.031503
2023-05-05,DIS,26403,100.52,9300109.0,0.031503
2023-05-05,DIS,26403,100.52,9300109.0,0.031503
2023-05-05,DIS,26403,100.52,9300109.0,0.031503
2023-05-05,DIS,26403,100.52,9300109.0,0.031503
2023-05-05,DIS,26403,100.52,9300109.0,0.031503
2023-05-08,DIS,26403,102.97,10810139.0,0.024373
2023-05-08,DIS,26403,102.97,10810139.0,0.024373
2023-05-08,DIS,26403,102.97,10810139.0,0.024373
2023-05-08,DIS,26403,102.97,10810139.0,0.024373
2023-05-08,DIS,26403,102.97,10810139.0,0.024373
2023-05-08,DIS,26403,102.97,10810139.0,0.024373
2023-05-08,DIS,26403,102.97,10810139.0,0.024373
2023-05-08,DIS,26403,102.97,10810139.0,0.024373
2023-05-08,DIS,26403,102.97,10810139.0,0.024373
2023-05-09,DIS,26403,102.18,6829880.0,-0.007672
2023-05-09,DIS,26403,102.18,6829880.0,-0.007672
2023-05-09,DIS,26403,102.18,6829880.0,-0.007672
2023-05-09,DIS,26403,102.18,6829880.0,-0.007672
2023-05-09,DIS,26403,102.18,6829880.0,-0.007672
2023-05-09,DIS,26403,102.18,6829880.0,-0.007672
2023-05-09,DIS,26403,102.18,6829880.0,-0.007672
2023-05-09,DIS,26403,102.18,6829880.0,-0.007672
2023-05-09,DIS,26403,102.18,6829880.0,-0.007672
2023-05-10,DIS,26403,101.14,19525153.0,-0.010178
2023-05-10,DIS,26403,101.14,19525153.0,-0.010178
2023-05-10,DIS,26403,101.14,19525153.0,-0.010178
2023-05-10,DIS,26403,101.14,19525153.0,-0.010178
2023-05-10,DIS,26403,101.14,19525153.0,-0.010178
2023-05-10,DIS,26403,101.14,19525153.0,-0.010178
2023-05-10,DIS,26403,101.14,19525153.0,-0.010178
2023-05-10,DIS,26403,101.14,19525153.0,-0.010178
2023-05-10,DIS,26403,101.14,19525153.0,-0.010178
2023-05-11,DIS,26403,92.31,57127242.0,-0.087305
2023-05-11,DIS,26403,92.31,57127242.0,-0.087305
2023-05-11,DIS,26403,92.31,57127242.0,-0.087305
2023-05-11,DIS,26403,92.31,57127242.0,-0.087305
2023-05-11,DIS,26403,92.31,57127242.0,-0.087305
2023-05-11,DIS,26403,92.31,57127242.0,-0.087305
2023-05-11,DIS,26403,92.31,57127242.0,-0.087305
2023-05-11,DIS,26403,92.31,57127242.0,-0.087305
2023-05-11,DIS,26403,92.31,57127242.0,-0.087305
2023-05-12,DIS,26403,91.99,21837450.0,-0.003467
2023-05-12,DIS,26403,91.99,21837450.0,-0.003467
2023-05-12,DIS,26403,91.99,21837450.0,-0.003467
2023-05-12,DIS,26403,91.99,21837450.0,-0.003467
2023-05-12,DIS,26403,91.99,21837450.0,-0.003467
2023-05-12,DIS,26403,91.99,21837450.0,-0.003467
2023-05-12,DIS,26403,91.99,21837450.0,-0.003467
2023-05-12,DIS,26403,91.99,21837450.0,-0.003467
2023-05-12,DIS,26403,91.99,21837450.0,-0.003467
2023-05-15,DIS,26403,92.86,16792049.0,0.009458
2023-05-15,DIS,26403,92.86,16792049.0,0.009458
2023-05-15,DIS,26403,92.86,16792049.0,0.009458
2023-05-15,DIS,26403,92.86,16792049.0,0.009458
2023-05-15,DIS,26403,92.86,16792049.0,0.009458
2023-05-15,DIS,26403,92.86,16792049.0,0.009458
2023-05-15,DIS,26403,92.86,16792049.0,0.009458
2023-05-15,DIS,26403,92.86,16792049.0,0.009458
2023-05-15,DIS,26403,92.86,16792049.0,0.009458
2023-05-16,DIS,26403,90.98,17013309.0,-0.020246
2023-05-16,DIS,26403,90.98,17013309.0,-0.020246
2023-05-16,DIS,26403,90.98,17013309.0,-0.020246
2023-05-16,DIS,26403,90.98,17013309.0,-0.020246
2023-05-16,DIS,26403,90.98,17013309.0,-0.020246
2023-05-16,DIS,26403,90.98,17013309.0,-0.020246
2023-05-16,DIS,26403,90.98,17013309.0,-0.020246
2023-05-16,DIS,26403,90.98,17013309.0,-0.020246
2023-05-16,DIS,26403,90.98,17013309.0,-0.020246
2023-05-17,DIS,26403,92.77,12461594.0,0.019675
2023-05-17,DIS,26403,92.77,12461594.0,0.019675
2023-05-17,DIS,26403,92.77,12461594.0,0.019675
2023-05-17,DIS,26403,92.77,12461594.0,0.019675
2023-05-17,DIS,26403,92.77,12461594.0,0.019675
2023-05-17,DIS,26403,92.77,12461594.0,0.019675
2023-05-17,DIS,26403,92.77,12461594.0,0.019675
2023-05-17,DIS,26403,92.77,12461594.0,0.019675
2023-05-17,DIS,26403,92.77,12461594.0,0.019675
2023-05-18,DIS,26403,93.76,15014823.0,0.010672
2023-05-18,DIS,26403,93.76,15014823.0,0.010672
2023-05-18,DIS,26403,93.76,15014823.0,0.010672
2023-05-18,DIS,26403,93.76,15014823.0,0.010672
2023-05-18,DIS,26403,93.76,15014823.0,0.010672
2023-05-18,DIS,26403,93.76,15014823.0,0.010672
2023-05-18,DIS,26403,93.76,15014823.0,0.010672
2023-05-18,DIS,26403,93.76,15014823.0,0.010672
2023-05-18,DIS,26403,93.76,15014823.0,0.010672
2023-05-19,DIS,26403,91.35,16429040.0,-0.025704
2023-05-19,DIS,26403,91.35,16429040.0,-0.025704
2023-05-19,DIS,26403,91.35,16429040.0,-0.025704
2023-05-19,DIS,26403,91.35,16429040.0,-0.025704
2023-05-19,DIS,26403,91.35,16429040.0,-0.025704
2023-05-19,DIS,26403,91.35,16429040.0,-0.025704
2023-05-19,DIS,26403,91.35,16429040.0,-0.025704
2023-05-19,DIS,26403,91.35,16429040.0,-0.025704
2023-05-19,DIS,26403,91.35,16429040.0,-0.025704
2023-05-22,DIS,26403,91.82,14150642.0,0.005145
2023-05-22,DIS,26403,91.82,14150642.0,0.005145
2023-05-22,DIS,26403,91.82,14150642.0,0.005145
2023-05-22,DIS,26403,91.82,14150642.0,0.005145
2023-05-22,DIS,26403,91.82,14150642.0,0.005145
2023-05-22,DIS,26403,91.82,14150642.0,0.005145
2023-05-22,DIS,26403,91.82,14150642.0,0.005145
2023-05-22,DIS,26403,91.82,14150642.0,0.005145
2023-05-22,DIS,26403,91.82,14150642.0,0.005145
2023-05-23,DIS,26403,89.82,14778699.0,-0.021782
2023-05-23,DIS,26403,89.82,14778699.0,-0.021782
2023-05-23,DIS,26403,89.82,14778699.0,-0.021782
2023-05-23,DIS,26403,89.82,14778699.0,-0.021782
2023-05-23,DIS,26403,89.82,14778699.0,-0.021782
2023-05-23,DIS,26403,89.82,14778699.0,-0.021782
2023-05-23,DIS,26403,89.82,14778699.0,-0.021782
2023-05-23,DIS,26403,89.82,14778699.0,-0.021782
2023-05-23,DIS,26403,89.82,14778699.0,-0.021782
2023-05-24,DIS,26403,89.07,15350772.0,-0.00835
2023-05-24,DIS,26403,89.07,15350772.0,-0.00835
2023-05-24,DIS,26403,89.07,15350772.0,-0.00835
2023-05-24,DIS,26403,89.07,15350772.0,-0.00835
2023-05-24,DIS,26403,89.07,15350772.0,-0.00835
2023-05-24,DIS,26403,89.07,15350772.0,-0.00835
2023-05-24,DIS,26403,89.07,15350772.0,-0.00835
2023-05-24,DIS,26403,89.07,15350772.0,-0.00835
2023-05-24,DIS,26403,89.07,15350772.0,-0.00835
2023-05-25,DIS,26403,88.14,13605760.0,-0.010441
2023-05-25,DIS,26403,88.14,13605760.0,-0.010441
2023-05-25,DIS,26403,88.14,13605760.0,-0.010441
2023-05-25,DIS,26403,88.14,13605760.0,-0.010441
2023-05-25,DIS,26403,88.14,13605760.0,-0.010441
2023-05-25,DIS,26403,88.14,13605760.0,-0.010441
2023-05-25,DIS,26403,88.14,13605760.0,-0.010441
2023-05-25,DIS,26403,88.14,13605760.0,-0.010441
2023-05-25,DIS,26403,88.14,13605760.0,-0.010441
2023-05-26,DIS,26403,88.29,12892702.0,0.001702
2023-05-26,DIS,26403,88.29,12892702.0,0.001702
2023-05-26,DIS,26403,88.29,12892702.0,0.001702
2023-05-26,DIS,26403,88.29,12892702.0,0.001702
2023-05-26,DIS,26403,88.29,12892702.0,0.001702
2023-05-26,DIS,26403,88.29,12892702.0,0.001702
2023-05-26,DIS,26403,88.29,12892702.0,0.001702
2023-05-26,DIS,26403,88.29,12892702.0,0.001702
2023-05-26,DIS,26403,88.29,12892702.0,0.001702
2023-05-30,DIS,26403,87.82,14800733.0,-0.005323
2023-05-30,DIS,26403,87.82,14800733.0,-0.005323
2023-05-30,DIS,26403,87.82,14800733.0,-0.005323
2023-05-30,DIS,26403,87.82,14800733.0,-0.005323
2023-05-30,DIS,26403,87.82,14800733.0,-0.005323
2023-05-30,DIS,26403,87.82,14800733.0,-0.005323
2023-05-30,DIS,26403,87.82,14800733.0,-0.005323
2023-05-30,DIS,26403,87.82,14800733.0,-0.005323
2023-05-30,DIS,26403,87.82,14800733.0,-0.005323
2023-05-31,DIS,26403,87.96,11440577.0,0.001594
2023-05-31,DIS,26403,87.96,11440577.0,0.001594
2023-05-31,DIS,26403,87.96,11440577.0,0.001594
2023-05-31,DIS,26403,87.96,11440577.0,0.001594
2023-05-31,DIS,26403,87.96,11440577.0,0.001594
2023-05-31,DIS,26403,87.96,11440577.0,0.001594
2023-05-31,DIS,26403,87.96,11440577.0,0.001594
2023-05-31,DIS,26403,87.96,11440577.0,0.001594
2023-05-31,DIS,26403,87.96,11440577.0,0.001594
2023-06-01,DIS,26403,88.59,11993172.0,0.007162
2023-06-01,DIS,26403,88.59,11993172.0,0.007162
2023-06-01,DIS,26403,88.59,11993172.0,0.007162
2023-06-01,DIS,26403,88.59,11993172.0,0.007162
2023-06-01,DIS,26403,88.59,11993172.0,0.007162
2023-06-01,DIS,26403,88.59,11993172.0,0.007162
2023-06-01,DIS,26403,88.59,11993172.0,0.007162
2023-06-01,DIS,26403,88.59,11993172.0,0.007162
2023-06-01,DIS,26403,88.59,11993172.0,0.007162
2023-06-02,DIS,26403,90.77,14350246.0,0.024608
2023-06-02,DIS,26403,90.77,14350246.0,0.024608
2023-06-02,DIS,26403,90.77,14350246.0,0.024608
2023-06-02,DIS,26403,90.77,14350246.0,0.024608
2023-06-02,DIS,26403,90.77,14350246.0,0.024608
2023-06-02,DIS,26403,90.77,14350246.0,0.024608
2023-06-02,DIS,26403,90.77,14350246.0,0.024608
2023-06-02,DIS,26403,90.77,14350246.0,0.024608
2023-06-02,DIS,26403,90.77,14350246.0,0.024608
2023-06-05,DIS,26403,91.0,19777211.0,0.002534
2023-06-05,DIS,26403,91.0,19777211.0,0.002534
2023-06-05,DIS,26403,91.0,19777211.0,0.002534
2023-06-05,DIS,26403,91.0,19777211.0,0.002534
2023-06-05,DIS,26403,91.0,19777211.0,0.002534
2023-06-05,DIS,26403,91.0,19777211.0,0.002534
2023-06-05,DIS,26403,91.0,19777211.0,0.002534
2023-06-05,DIS,26403,91.0,19777211.0,0.002534
2023-06-05,DIS,26403,91.0,19777211.0,0.002534
2023-06-06,DIS,26403,92.16,12109084.0,0.012747
2023-06-06,DIS,26403,92.16,12109084.0,0.012747
2023-06-06,DIS,26403,92.16,12109084.0,0.012747
2023-06-06,DIS,26403,92.16,12109084.0,0.012747
2023-06-06,DIS,26403,92.16,12109084.0,0.012747
2023-06-06,DIS,26403,92.16,12109084.0,0.012747
2023-06-06,DIS,26403,92.16,12109084.0,0.012747
2023-06-06,DIS,26403,92.16,12109084.0,0.012747
2023-06-06,DIS,26403,92.16,12109084.0,0.012747
2023-06-07,DIS,26403,92.52,11082425.0,0.003906
2023-06-07,DIS,26403,92.52,11082425.0,0.003906
2023-06-07,DIS,26403,92.52,11082425.0,0.003906
2023-06-07,DIS,26403,92.52,11082425.0,0.003906
2023-06-07,DIS,26403,92.52,11082425.0,0.003906
2023-06-07,DIS,26403,92.52,11082425.0,0.003906
2023-06-07,DIS,26403,92.52,11082425.0,0.003906
2023-06-07,DIS,26403,92.52,11082425.0,0.003906
2023-06-07,DIS,26403,92.52,11082425.0,0.003906
2023-06-08,DIS,26403,92.53,9030165.0,0.000108
2023-06-08,DIS,26403,92.53,9030165.0,0.000108
2023-06-08,DIS,26403,92.53,9030165.0,0.000108
2023-06-08,DIS,26403,92.53,9030165.0,0.000108
2023-06-08,DIS,26403,92.53,9030165.0,0.000108
2023-06-08,DIS,26403,92.53,9030165.0,0.000108
2023-06-08,DIS,26403,92.53,9030165.0,0.000108
2023-06-08,DIS,26403,92.53,9030165.0,0.000108
2023-06-08,DIS,26403,92.53,9030165.0,0.000108
2023-06-09,DIS,26403,91.93,9634420.0,-0.006484
2023-06-09,DIS,26403,91.93,9634420.0,-0.006484
2023-06-09,DIS,26403,91.93,9634420.0,-0.006484
2023-06-09,DIS,26403,91.93,9634420.0,-0.006484
2023-06-09,DIS,26403,91.93,9634420.0,-0.006484
2023-06-09,DIS,26403,91.93,9634420.0,-0.006484
2023-06-09,DIS,26403,91.93,9634420.0,-0.006484
2023-06-09,DIS,26403,91.93,9634420.0,-0.006484
2023-06-09,DIS,26403,91.93,9634420.0,-0.006484
2023-06-12,DIS,26403,93.14,12357611.0,0.013162
2023-06-12,DIS,26403,93.14,12357611.0,0.013162
2023-06-12,DIS,26403,93.14,12357611.0,0.013162
2023-06-12,DIS,26403,93.14,12357611.0,0.013162
2023-06-12,DIS,26403,93.14,12357611.0,0.013162
2023-06-12,DIS,26403,93.14,12357611.0,0.013162
2023-06-12,DIS,26403,93.14,12357611.0,0.013162
2023-06-12,DIS,26403,93.14,12357611.0,0.013162
2023-06-12,DIS,26403,93.14,12357611.0,0.013162
2023-06-13,DIS,26403,93.85,12964433.0,0.007623
2023-06-13,DIS,26403,93.85,12964433.0,0.007623
2023-06-13,DIS,26403,93.85,12964433.0,0.007623
2023-06-13,DIS,26403,93.85,12964433.0,0.007623
2023-06-13,DIS,26403,93.85,12964433.0,0.007623
2023-06-13,DIS,26403,93.85,12964433.0,0.007623
2023-06-13,DIS,26403,93.85,12964433.0,0.007623
2023-06-13,DIS,26403,93.85,12964433.0,0.007623
2023-06-13,DIS,26403,93.85,12964433.0,0.007623
2023-06-14,DIS,26403,92.45,15877377.0,-0.014917
2023-06-14,DIS,26403,92.45,15877377.0,-0.014917
2023-06-14,DIS,26403,92.45,15877377.0,-0.014917
2023-06-14,DIS,26403,92.45,15877377.0,-0.014917
2023-06-14,DIS,26403,92.45,15877377.0,-0.014917
2023-06-14,DIS,26403,92.45,15877377.0,-0.014917
2023-06-14,DIS,26403,92.45,15877377.0,-0.014917
2023-06-14,DIS,26403,92.45,15877377.0,-0.014917
2023-06-14,DIS,26403,92.45,15877377.0,-0.014917
2023-06-15,DIS,26403,92.94,13354606.0,0.0053
2023-06-15,DIS,26403,92.94,13354606.0,0.0053
2023-06-15,DIS,26403,92.94,13354606.0,0.0053
2023-06-15,DIS,26403,92.94,13354606.0,0.0053
2023-06-15,DIS,26403,92.94,13354606.0,0.0053
2023-06-15,DIS,26403,92.94,13354606.0,0.0053
2023-06-15,DIS,26403,92.94,13354606.0,0.0053
2023-06-15,DIS,26403,92.94,13354606.0,0.0053
2023-06-15,DIS,26403,92.94,13354606.0,0.0053
2023-06-16,DIS,26403,91.32,22683385.0,-0.017431
2023-06-16,DIS,26403,91.32,22683385.0,-0.017431
2023-06-16,DIS,26403,91.32,22683385.0,-0.017431
2023-06-16,DIS,26403,91.32,22683385.0,-0.017431
2023-06-16,DIS,26403,91.32,22683385.0,-0.017431
2023-06-16,DIS,26403,91.32,22683385.0,-0.017431
2023-06-16,DIS,26403,91.32,22683385.0,-0.017431
2023-06-16,DIS,26403,91.32,22683385.0,-0.017431
2023-06-16,DIS,26403,91.32,22683385.0,-0.017431
2023-06-20,DIS,26403,89.75,14939188.0,-0.017192
2023-06-20,DIS,26403,89.75,14939188.0,-0.017192
2023-06-20,DIS,26403,89.75,14939188.0,-0.017192
2023-06-20,DIS,26403,89.75,14939188.0,-0.017192
2023-06-20,DIS,26403,89.75,14939188.0,-0.017192
2023-06-20,DIS,26403,89.75,14939188.0,-0.017192
2023-06-20,DIS,26403,89.75,14939188.0,-0.017192
2023-06-20,DIS,26403,89.75,14939188.0,-0.017192
2023-06-20,DIS,26403,89.75,14939188.0,-0.017192
2023-06-21,DIS,26403,88.64,17872964.0,-0.012368
2023-06-21,DIS,26403,88.64,17872964.0,-0.012368
2023-06-21,DIS,26403,88.64,17872964.0,-0.012368
2023-06-21,DIS,26403,88.64,17872964.0,-0.012368
2023-06-21,DIS,26403,88.64,17872964.0,-0.012368
2023-06-21,DIS,26403,88.64,17872964.0,-0.012368
2023-06-21,DIS,26403,88.64,17872964.0,-0.012368
2023-06-21,DIS,26403,88.64,17872964.0,-0.012368
2023-06-21,DIS,26403,88.64,17872964.0,-0.012368
2023-06-22,DIS,26403,88.49,10915328.0,-0.001692
2023-06-22,DIS,26403,88.49,10915328.0,-0.001692
2023-06-22,DIS,26403,88.49,10915328.0,-0.001692
2023-06-22,DIS,26403,88.49,10915328.0,-0.001692
2023-06-22,DIS,26403,88.49,10915328.0,-0.001692
2023-06-22,DIS,26403,88.49,10915328.0,-0.001692
2023-06-22,DIS,26403,88.49,10915328.0,-0.001692
2023-06-22,DIS,26403,88.49,10915328.0,-0.001692
2023-06-22,DIS,26403,88.49,10915328.0,-0.001692
2023-06-23,DIS,26403,88.1,13538013.0,-0.004407
2023-06-23,DIS,26403,88.1,13538013.0,-0.004407
2023-06-23,DIS,26403,88.1,13538013.0,-0.004407
2023-06-23,DIS,26403,88.1,13538013.0,-0.004407
2023-06-23,DIS,26403,88.1,13538013.0,-0.004407
2023-06-23,DIS,26403,88.1,13538013.0,-0.004407
2023-06-23,DIS,26403,88.1,13538013.0,-0.004407
2023-06-23,DIS,26403,88.1,13538013.0,-0.004407
2023-06-23,DIS,26403,88.1,13538013.0,-0.004407
2023-06-26,DIS,26403,88.7,13132684.0,0.00681
2023-06-26,DIS,26403,88.7,13132684.0,0.00681
2023-06-26,DIS,26403,88.7,13132684.0,0.00681
2023-06-26,DIS,26403,88.7,13132684.0,0.00681
2023-06-26,DIS,26403,88.7,13132684.0,0.00681
2023-06-26,DIS,26403,88.7,13132684.0,0.00681
2023-06-26,DIS,26403,88.7,13132684.0,0.00681
2023-06-26,DIS,26403,88.7,13132684.0,0.00681
2023-06-26,DIS,26403,88.7,13132684.0,0.00681
2023-06-27,DIS,26403,89.06,10032652.0,0.004059
2023-06-27,DIS,26403,89.06,10032652.0,0.004059
2023-06-27,DIS,26403,89.06,10032652.0,0.004059
2023-06-27,DIS,26403,89.06,10032652.0,0.004059
2023-06-27,DIS,26403,89.06,10032652.0,0.004059
2023-06-27,DIS,26403,89.06,10032652.0,0.004059
2023-06-27,DIS,26403,89.06,10032652.0,0.004059
2023-06-27,DIS,26403,89.06,10032652.0,0.004059
2023-06-27,DIS,26403,89.06,10032652.0,0.004059
2023-06-28,DIS,26403,88.83,12118274.0,-0.002582
2023-06-28,DIS,26403,88.83,12118274.0,-0.002582
2023-06-28,DIS,26403,88.83,12118274.0,-0.002582
2023-06-28,DIS,26403,88.83,12118274.0,-0.002582
2023-06-28,DIS,26403,88.83,12118274.0,-0.002582
2023-06-28,DIS,26403,88.83,12118274.0,-0.002582
2023-06-28,DIS,26403,88.83,12118274.0,-0.002582
2023-06-28,DIS,26403,88.83,12118274.0,-0.002582
2023-06-28,DIS,26403,88.83,12118274.0,-0.002582
2023-06-29,DIS,26403,88.95,13402579.0,0.001351
2023-06-29,DIS,26403,88.95,13402579.0,0.001351
2023-06-29,DIS,26403,88.95,13402579.0,0.001351
2023-06-29,DIS,26403,88.95,13402579.0,0.001351
2023-06-29,DIS,26403,88.95,13402579.0,0.001351
2023-06-29,DIS,26403,88.95,13402579.0,0.001351
2023-06-29,DIS,26403,88.95,13402579.0,0.001351
2023-06-29,DIS,26403,88.95,13402579.0,0.001351
2023-06-29,DIS,26403,88.95,13402579.0,0.001351
2023-06-30,DIS,26403,89.28,12837549.0,0.00371
2023-06-30,DIS,26403,89.28,12837549.0,0.00371
2023-06-30,DIS,26403,89.28,12837549.0,0.00371
2023-06-30,DIS,26403,89.28,12837549.0,0.00371
2023-06-30,DIS,26403,89.28,12837549.0,0.00371
2023-06-30,DIS,26403,89.28,12837549.0,0.00371
2023-06-30,DIS,26403,89.28,12837549.0,0.00371
2023-06-30,DIS,26403,89.28,12837549.0,0.00371
2023-06-30,DIS,26403,89.28,12837549.0,0.00371
2023-07-03,DIS,26403,90.5,7979547.0,0.013665
2023-07-03,DIS,26403,90.5,7979547.0,0.013665
2023-07-03,DIS,26403,90.5,7979547.0,0.013665
2023-07-03,DIS,26403,90.5,7979547.0,0.013665
2023-07-03,DIS,26403,90.5,7979547.0,0.013665
2023-07-03,DIS,26403,90.5,7979547.0,0.013665
2023-07-03,DIS,26403,90.5,7979547.0,0.013665
2023-07-03,DIS,26403,90.5,7979547.0,0.013665
2023-07-03,DIS,26403,90.5,7979547.0,0.013665
2023-07-05,DIS,26403,89.79,11028782.0,-0.007845
2023-07-05,DIS,26403,89.79,11028782.0,-0.007845
2023-07-05,DIS,26403,89.79,11028782.0,-0.007845
2023-07-05,DIS,26403,89.79,11028782.0,-0.007845
2023-07-05,DIS,26403,89.79,11028782.0,-0.007845
2023-07-05,DIS,26403,89.79,11028782.0,-0.007845
2023-07-05,DIS,26403,89.79,11028782.0,-0.007845
2023-07-05,DIS,26403,89.79,11028782.0,-0.007845
2023-07-05,DIS,26403,89.79,11028782.0,-0.007845
2023-07-06,DIS,26403,88.74,12108532.0,-0.011694
2023-07-06,DIS,26403,88.74,12108532.0,-0.011694
2023-07-06,DIS,26403,88.74,12108532.0,-0.011694
2023-07-06,DIS,26403,88.74,12108532.0,-0.011694
2023-07-06,DIS,26403,88.74,12108532.0,-0.011694
2023-07-06,DIS,26403,88.74,12108532.0,-0.011694
2023-07-06,DIS,26403,88.74,12108532.0,-0.011694
2023-07-06,DIS,26403,88.74,12108532.0,-0.011694
2023-07-06,DIS,26403,88.74,12108532.0,-0.011694
2023-07-07,DIS,26403,88.64,9705123.0,-0.001127
2023-07-07,DIS,26403,88.64,9705123.0,-0.001127
2023-07-07,DIS,26403,88.64,9705123.0,-0.001127
2023-07-07,DIS,26403,88.64,9705123.0,-0.001127
2023-07-07,DIS,26403,88.64,9705123.0,-0.001127
2023-07-07,DIS,26403,88.64,9705123.0,-0.001127
2023-07-07,DIS,26403,88.64,9705123.0,-0.001127
2023-07-07,DIS,26403,88.64,9705123.0,-0.001127
2023-07-07,DIS,26403,88.64,9705123.0,-0.001127
2023-07-10,DIS,26403,88.1,13642620.0,-0.006092
2023-07-10,DIS,26403,88.1,13642620.0,-0.006092
2023-07-10,DIS,26403,88.1,13642620.0,-0.006092
2023-07-10,DIS,26403,88.1,13642620.0,-0.006092
2023-07-10,DIS,26403,88.1,13642620.0,-0.006092
2023-07-10,DIS,26403,88.1,13642620.0,-0.006092
2023-07-10,DIS,26403,88.1,13642620.0,-0.006092
2023-07-10,DIS,26403,88.1,13642620.0,-0.006092
2023-07-10,DIS,26403,88.1,13642620.0,-0.006092
2023-07-11,DIS,26403,89.49,13735507.0,0.015778
2023-07-11,DIS,26403,89.49,13735507.0,0.015778
2023-07-11,DIS,26403,89.49,13735507.0,0.015778
2023-07-11,DIS,26403,89.49,13735507.0,0.015778
2023-07-11,DIS,26403,89.49,13735507.0,0.015778
2023-07-11,DIS,26403,89.49,13735507.0,0.015778
2023-07-11,DIS,26403,89.49,13735507.0,0.015778
2023-07-11,DIS,26403,89.49,13735507.0,0.015778
2023-07-11,DIS,26403,89.49,13735507.0,0.015778
2023-07-12,DIS,26403,90.15,14912079.0,0.007375
2023-07-12,DIS,26403,90.15,14912079.0,0.007375
2023-07-12,DIS,26403,90.15,14912079.0,0.007375
2023-07-12,DIS,26403,90.15,14912079.0,0.007375
2023-07-12,DIS,26403,90.15,14912079.0,0.007375
2023-07-12,DIS,26403,90.15,14912079.0,0.007375
2023-07-12,DIS,26403,90.15,14912079.0,0.007375
2023-07-12,DIS,26403,90.15,14912079.0,0.007375
2023-07-12,DIS,26403,90.15,14912079.0,0.007375
2023-07-13,DIS,26403,90.47,15325522.0,0.00355
2023-07-13,DIS,26403,90.47,15325522.0,0.00355
2023-07-13,DIS,26403,90.47,15325522.0,0.00355
2023-07-13,DIS,26403,90.47,15325522.0,0.00355
2023-07-13,DIS,26403,90.47,15325522.0,0.00355
2023-07-13,DIS,26403,90.47,15325522.0,0.00355
2023-07-13,DIS,26403,90.47,15325522.0,0.00355
2023-07-13,DIS,26403,90.47,15325522.0,0.00355
2023-07-13,DIS,26403,90.47,15325522.0,0.00355
2023-07-14,DIS,26403,88.62,17769989.0,-0.020449
2023-07-14,DIS,26403,88.62,17769989.0,-0.020449
2023-07-14,DIS,26403,88.62,17769989.0,-0.020449
2023-07-14,DIS,26403,88.62,17769989.0,-0.020449
2023-07-14,DIS,26403,88.62,17769989.0,-0.020449
2023-07-14,DIS,26403,88.62,17769989.0,-0.020449
2023-07-14,DIS,26403,88.62,17769989.0,-0.020449
2023-07-14,DIS,26403,88.62,17769989.0,-0.020449
2023-07-14,DIS,26403,88.62,17769989.0,-0.020449
2023-07-17,DIS,26403,85.56,34503444.0,-0.03453
2023-07-17,DIS,26403,85.56,34503444.0,-0.03453
2023-07-17,DIS,26403,85.56,34503444.0,-0.03453
2023-07-17,DIS,26403,85.56,34503444.0,-0.03453
2023-07-17,DIS,26403,85.56,34503444.0,-0.03453
2023-07-17,DIS,26403,85.56,34503444.0,-0.03453
2023-07-17,DIS,26403,85.56,34503444.0,-0.03453
2023-07-17,DIS,26403,85.56,34503444.0,-0.03453
2023-07-17,DIS,26403,85.56,34503444.0,-0.03453
2023-07-18,DIS,26403,85.95,21915527.0,0.004558
2023-07-18,DIS,26403,85.95,21915527.0,0.004558
2023-07-18,DIS,26403,85.95,21915527.0,0.004558
2023-07-18,DIS,26403,85.95,21915527.0,0.004558
2023-07-18,DIS,26403,85.95,21915527.0,0.004558
2023-07-18,DIS,26403,85.95,21915527.0,0.004558
2023-07-18,DIS,26403,85.95,21915527.0,0.004558
2023-07-18,DIS,26403,85.95,21915527.0,0.004558
2023-07-18,DIS,26403,85.95,21915527.0,0.004558
2023-07-19,DIS,26403,87.04,17177010.0,0.012682
2023-07-19,DIS,26403,87.04,17177010.0,0.012682
2023-07-19,DIS,26403,87.04,17177010.0,0.012682
2023-07-19,DIS,26403,87.04,17177010.0,0.012682
2023-07-19,DIS,26403,87.04,17177010.0,0.012682
2023-07-19,DIS,26403,87.04,17177010.0,0.012682
2023-07-19,DIS,26403,87.04,17177010.0,0.012682
2023-07-19,DIS,26403,87.04,17177010.0,0.012682
2023-07-19,DIS,26403,87.04,17177010.0,0.012682
2023-07-20,DIS,26403,86.21,15277532.0,-0.009536
2023-07-20,DIS,26403,86.21,15277532.0,-0.009536
2023-07-20,DIS,26403,86.21,15277532.0,-0.009536
2023-07-20,DIS,26403,86.21,15277532.0,-0.009536
2023-07-20,DIS,26403,86.21,15277532.0,-0.009536
2023-07-20,DIS,26403,86.21,15277532.0,-0.009536
2023-07-20,DIS,26403,86.21,15277532.0,-0.009536
2023-07-20,DIS,26403,86.21,15277532.0,-0.009536
2023-07-20,DIS,26403,86.21,15277532.0,-0.009536
2023-07-21,DIS,26403,87.18,19900961.0,0.011252
2023-07-21,DIS,26403,87.18,19900961.0,0.011252
2023-07-21,DIS,26403,87.18,19900961.0,0.011252
2023-07-21,DIS,26403,87.18,19900961.0,0.011252
2023-07-21,DIS,26403,87.18,19900961.0,0.011252
2023-07-21,DIS,26403,87.18,19900961.0,0.011252
2023-07-21,DIS,26403,87.18,19900961.0,0.011252
2023-07-21,DIS,26403,87.18,19900961.0,0.011252
2023-07-21,DIS,26403,87.18,19900961.0,0.011252
2023-07-24,DIS,26403,86.6,13911900.0,-0.006653
2023-07-24,DIS,26403,86.6,13911900.0,-0.006653
2023-07-24,DIS,26403,86.6,13911900.0,-0.006653
2023-07-24,DIS,26403,86.6,13911900.0,-0.006653
2023-07-24,DIS,26403,86.6,13911900.0,-0.006653
2023-07-24,DIS,26403,86.6,13911900.0,-0.006653
2023-07-24,DIS,26403,86.6,13911900.0,-0.006653
2023-07-24,DIS,26403,86.6,13911900.0,-0.006653
2023-07-24,DIS,26403,86.6,13911900.0,-0.006653
2023-07-25,DIS,26403,85.63,15335411.0,-0.011201
2023-07-25,DIS,26403,85.63,15335411.0,-0.011201
2023-07-25,DIS,26403,85.63,15335411.0,-0.011201
2023-07-25,DIS,26403,85.63,15335411.0,-0.011201
2023-07-25,DIS,26403,85.63,15335411.0,-0.011201
2023-07-25,DIS,26403,85.63,15335411.0,-0.011201
2023-07-25,DIS,26403,85.63,15335411.0,-0.011201
2023-07-25,DIS,26403,85.63,15335411.0,-0.011201
2023-07-25,DIS,26403,85.63,15335411.0,-0.011201
2023-07-26,DIS,26403,85.86,14983702.0,0.002686
2023-07-26,DIS,26403,85.86,14983702.0,0.002686
2023-07-26,DIS,26403,85.86,14983702.0,0.002686
2023-07-26,DIS,26403,85.86,14983702.0,0.002686
2023-07-26,DIS,26403,85.86,14983702.0,0.002686
2023-07-26,DIS,26403,85.86,14983702.0,0.002686
2023-07-26,DIS,26403,85.86,14983702.0,0.002686
2023-07-26,DIS,26403,85.86,14983702.0,0.002686
2023-07-26,DIS,26403,85.86,14983702.0,0.002686
2023-07-27,DIS,26403,85.36,16691368.0,-0.005823
2023-07-27,DIS,26403,85.36,16691368.0,-0.005823
2023-07-27,DIS,26403,85.36,16691368.0,-0.005823
2023-07-27,DIS,26403,85.36,16691368.0,-0.005823
2023-07-27,DIS,26403,85.36,16691368.0,-0.005823
2023-07-27,DIS,26403,85.36,16691368.0,-0.005823
2023-07-27,DIS,26403,85.36,16691368.0,-0.005823
2023-07-27,DIS,26403,85.36,16691368.0,-0.005823
2023-07-27,DIS,26403,85.36,16691368.0,-0.005823
2023-07-28,DIS,26403,86.13,13638332.0,0.009021
2023-07-28,DIS,26403,86.13,13638332.0,0.009021
2023-07-28,DIS,26403,86.13,13638332.0,0.009021
2023-07-28,DIS,26403,86.13,13638332.0,0.009021
2023-07-28,DIS,26403,86.13,13638332.0,0.009021
2023-07-28,DIS,26403,86.13,13638332.0,0.009021
2023-07-28,DIS,26403,86.13,13638332.0,0.009021
2023-07-28,DIS,26403,86.13,13638332.0,0.009021
2023-07-28,DIS,26403,86.13,13638332.0,0.009021
2023-07-31,DIS,26403,88.89,20837786.0,0.032045
2023-07-31,DIS,26403,88.89,20837786.0,0.032045
2023-07-31,DIS,26403,88.89,20837786.0,0.032045
2023-07-31,DIS,26403,88.89,20837786.0,0.032045
2023-07-31,DIS,26403,88.89,20837786.0,0.032045
2023-07-31,DIS,26403,88.89,20837786.0,0.032045
2023-07-31,DIS,26403,88.89,20837786.0,0.032045
2023-07-31,DIS,26403,88.89,20837786.0,0.032045
2023-07-31,DIS,26403,88.89,20837786.0,0.032045
2023-08-01,DIS,26403,89.03,13745084.0,0.001575
2023-08-01,DIS,26403,89.03,13745084.0,0.001575
2023-08-01,DIS,26403,89.03,13745084.0,0.001575
2023-08-01,DIS,26403,89.03,13745084.0,0.001575
2023-08-01,DIS,26403,89.03,13745084.0,0.001575
2023-08-01,DIS,26403,89.03,13745084.0,0.001575
2023-08-01,DIS,26403,89.03,13745084.0,0.001575
2023-08-01,DIS,26403,89.03,13745084.0,0.001575
2023-08-01,DIS,26403,89.03,13745084.0,0.001575
2023-08-02,DIS,26403,86.3,15162662.0,-0.030664
2023-08-02,DIS,26403,86.3,15162662.0,-0.030664
2023-08-02,DIS,26403,86.3,15162662.0,-0.030664
2023-08-02,DIS,26403,86.3,15162662.0,-0.030664
2023-08-02,DIS,26403,86.3,15162662.0,-0.030664
2023-08-02,DIS,26403,86.3,15162662.0,-0.030664
2023-08-02,DIS,26403,86.3,15162662.0,-0.030664
2023-08-02,DIS,26403,86.3,15162662.0,-0.030664
2023-08-02,DIS,26403,86.3,15162662.0,-0.030664
2023-08-03,DIS,26403,85.49,14194137.0,-0.009386
2023-08-03,DIS,26403,85.49,14194137.0,-0.009386
2023-08-03,DIS,26403,85.49,14194137.0,-0.009386
2023-08-03,DIS,26403,85.49,14194137.0,-0.009386
2023-08-03,DIS,26403,85.49,14194137.0,-0.009386
2023-08-03,DIS,26403,85.49,14194137.0,-0.009386
2023-08-03,DIS,26403,85.49,14194137.0,-0.009386
2023-08-03,DIS,26403,85.49,14194137.0,-0.009386
2023-08-03,DIS,26403,85.49,14194137.0,-0.009386
2023-08-04,DIS,26403,86.3,11533906.0,0.009475
2023-08-04,DIS,26403,86.3,11533906.0,0.009475
2023-08-04,DIS,26403,86.3,11533906.0,0.009475
2023-08-04,DIS,26403,86.3,11533906.0,0.009475
2023-08-04,DIS,26403,86.3,11533906.0,0.009475
2023-08-04,DIS,26403,86.3,11533906.0,0.009475
2023-08-04,DIS,26403,86.3,11533906.0,0.009475
2023-08-04,DIS,26403,86.3,11533906.0,0.009475
2023-08-04,DIS,26403,86.3,11533906.0,0.009475
2023-08-07,DIS,26403,86.83,10818366.0,0.006141
2023-08-07,DIS,26403,86.83,10818366.0,0.006141
2023-08-07,DIS,26403,86.83,10818366.0,0.006141
2023-08-07,DIS,26403,86.83,10818366.0,0.006141
2023-08-07,DIS,26403,86.83,10818366.0,0.006141
2023-08-07,DIS,26403,86.83,10818366.0,0.006141
2023-08-07,DIS,26403,86.83,10818366.0,0.006141
2023-08-07,DIS,26403,86.83,10818366.0,0.006141
2023-08-07,DIS,26403,86.83,10818366.0,0.006141
2023-08-08,DIS,26403,88.13,16767893.0,0.014972
2023-08-08,DIS,26403,88.13,16767893.0,0.014972
2023-08-08,DIS,26403,88.13,16767893.0,0.014972
2023-08-08,DIS,26403,88.13,16767893.0,0.014972
2023-08-08,DIS,26403,88.13,16767893.0,0.014972
2023-08-08,DIS,26403,88.13,16767893.0,0.014972
2023-08-08,DIS,26403,88.13,16767893.0,0.014972
2023-08-08,DIS,26403,88.13,16767893.0,0.014972
2023-08-08,DIS,26403,88.13,16767893.0,0.014972
2023-08-09,DIS,26403,87.49,32517915.0,-0.007262
2023-08-09,DIS,26403,87.49,32517915.0,-0.007262
2023-08-09,DIS,26403,87.49,32517915.0,-0.007262
2023-08-09,DIS,26403,87.49,32517915.0,-0.007262
2023-08-09,DIS,26403,87.49,32517915.0,-0.007262
2023-08-09,DIS,26403,87.49,32517915.0,-0.007262
2023-08-09,DIS,26403,87.49,32517915.0,-0.007262
2023-08-09,DIS,26403,87.49,32517915.0,-0.007262
2023-08-09,DIS,26403,87.49,32517915.0,-0.007262
2023-08-10,DIS,26403,91.76,56716750.0,0.048806
2023-08-10,DIS,26403,91.76,56716750.0,0.048806
2023-08-10,DIS,26403,91.76,56716750.0,0.048806
2023-08-10,DIS,26403,91.76,56716750.0,0.048806
2023-08-10,DIS,26403,91.76,56716750.0,0.048806
2023-08-10,DIS,26403,91.76,56716750.0,0.048806
2023-08-10,DIS,26403,91.76,56716750.0,0.048806
2023-08-10,DIS,26403,91.76,56716750.0,0.048806
2023-08-10,DIS,26403,91.76,56716750.0,0.048806
2023-08-11,DIS,26403,89.02,21998920.0,-0.029861
2023-08-11,DIS,26403,89.02,21998920.0,-0.029861
2023-08-11,DIS,26403,89.02,21998920.0,-0.029861
2023-08-11,DIS,26403,89.02,21998920.0,-0.029861
2023-08-11,DIS,26403,89.02,21998920.0,-0.029861
2023-08-11,DIS,26403,89.02,21998920.0,-0.029861
2023-08-11,DIS,26403,89.02,21998920.0,-0.029861
2023-08-11,DIS,26403,89.02,21998920.0,-0.029861
2023-08-11,DIS,26403,89.02,21998920.0,-0.029861
2023-08-14,DIS,26403,88.81,13676384.0,-0.002359
2023-08-14,DIS,26403,88.81,13676384.0,-0.002359
2023-08-14,DIS,26403,88.81,13676384.0,-0.002359
2023-08-14,DIS,26403,88.81,13676384.0,-0.002359
2023-08-14,DIS,26403,88.81,13676384.0,-0.002359
2023-08-14,DIS,26403,88.81,13676384.0,-0.002359
2023-08-14,DIS,26403,88.81,13676384.0,-0.002359
2023-08-14,DIS,26403,88.81,13676384.0,-0.002359
2023-08-14,DIS,26403,88.81,13676384.0,-0.002359
2023-08-15,DIS,26403,87.06,13677866.0,-0.019705
2023-08-15,DIS,26403,87.06,13677866.0,-0.019705
2023-08-15,DIS,26403,87.06,13677866.0,-0.019705
2023-08-15,DIS,26403,87.06,13677866.0,-0.019705
2023-08-15,DIS,26403,87.06,13677866.0,-0.019705
2023-08-15,DIS,26403,87.06,13677866.0,-0.019705
2023-08-15,DIS,26403,87.06,13677866.0,-0.019705
2023-08-15,DIS,26403,87.06,13677866.0,-0.019705
2023-08-15,DIS,26403,87.06,13677866.0,-0.019705
2023-08-16,DIS,26403,86.35,12182717.0,-0.008155
2023-08-16,DIS,26403,86.35,12182717.0,-0.008155
2023-08-16,DIS,26403,86.35,12182717.0,-0.008155
2023-08-16,DIS,26403,86.35,12182717.0,-0.008155
2023-08-16,DIS,26403,86.35,12182717.0,-0.008155
2023-08-16,DIS,26403,86.35,12182717.0,-0.008155
2023-08-16,DIS,26403,86.35,12182717.0,-0.008155
2023-08-16,DIS,26403,86.35,12182717.0,-0.008155
2023-08-16,DIS,26403,86.35,12182717.0,-0.008155
2023-08-17,DIS,26403,85.92,14206015.0,-0.00498
2023-08-17,DIS,26403,85.92,14206015.0,-0.00498
2023-08-17,DIS,26403,85.92,14206015.0,-0.00498
2023-08-17,DIS,26403,85.92,14206015.0,-0.00498
2023-08-17,DIS,26403,85.92,14206015.0,-0.00498
2023-08-17,DIS,26403,85.92,14206015.0,-0.00498
2023-08-17,DIS,26403,85.92,14206015.0,-0.00498
2023-08-17,DIS,26403,85.92,14206015.0,-0.00498
2023-08-17,DIS,26403,85.92,14206015.0,-0.00498
2023-08-18,DIS,26403,85.96,12364388.0,0.000466
2023-08-18,DIS,26403,85.96,12364388.0,0.000466
2023-08-18,DIS,26403,85.96,12364388.0,0.000466
2023-08-18,DIS,26403,85.96,12364388.0,0.000466
2023-08-18,DIS,26403,85.96,12364388.0,0.000466
2023-08-18,DIS,26403,85.96,12364388.0,0.000466
2023-08-18,DIS,26403,85.96,12364388.0,0.000466
2023-08-18,DIS,26403,85.96,12364388.0,0.000466
2023-08-18,DIS,26403,85.96,12364388.0,0.000466
2023-08-21,DIS,26403,85.88,11214986.0,-0.000931
2023-08-21,DIS,26403,85.88,11214986.0,-0.000931
2023-08-21,DIS,26403,85.88,11214986.0,-0.000931
2023-08-21,DIS,26403,85.88,11214986.0,-0.000931
2023-08-21,DIS,26403,85.88,11214986.0,-0.000931
2023-08-21,DIS,26403,85.88,11214986.0,-0.000931
2023-08-21,DIS,26403,85.88,11214986.0,-0.000931
2023-08-21,DIS,26403,85.88,11214986.0,-0.000931
2023-08-21,DIS,26403,85.88,11214986.0,-0.000931
2023-08-22,DIS,26403,85.79,9845852.0,-0.001048
2023-08-22,DIS,26403,85.79,9845852.0,-0.001048
2023-08-22,DIS,26403,85.79,9845852.0,-0.001048
2023-08-22,DIS,26403,85.79,9845852.0,-0.001048
2023-08-22,DIS,26403,85.79,9845852.0,-0.001048
2023-08-22,DIS,26403,85.79,9845852.0,-0.001048
2023-08-22,DIS,26403,85.79,9845852.0,-0.001048
2023-08-22,DIS,26403,85.79,9845852.0,-0.001048
2023-08-22,DIS,26403,85.79,9845852.0,-0.001048
2023-08-23,DIS,26403,85.83,7575953.0,0.000466
2023-08-23,DIS,26403,85.83,7575953.0,0.000466
2023-08-23,DIS,26403,85.83,7575953.0,0.000466
2023-08-23,DIS,26403,85.83,7575953.0,0.000466
2023-08-23,DIS,26403,85.83,7575953.0,0.000466
2023-08-23,DIS,26403,85.83,7575953.0,0.000466
2023-08-23,DIS,26403,85.83,7575953.0,0.000466
2023-08-23,DIS,26403,85.83,7575953.0,0.000466
2023-08-23,DIS,26403,85.83,7575953.0,0.000466
2023-08-24,DIS,26403,82.47,27531021.0,-0.039147
2023-08-24,DIS,26403,82.47,27531021.0,-0.039147
2023-08-24,DIS,26403,82.47,27531021.0,-0.039147
2023-08-24,DIS,26403,82.47,27531021.0,-0.039147
2023-08-24,DIS,26403,82.47,27531021.0,-0.039147
2023-08-24,DIS,26403,82.47,27531021.0,-0.039147
2023-08-24,DIS,26403,82.47,27531021.0,-0.039147
2023-08-24,DIS,26403,82.47,27531021.0,-0.039147
2023-08-24,DIS,26403,82.47,27531021.0,-0.039147
2023-08-25,DIS,26403,83.36,16050882.0,0.010792
2023-08-25,DIS,26403,83.36,16050882.0,0.010792
2023-08-25,DIS,26403,83.36,16050882.0,0.010792
2023-08-25,DIS,26403,83.36,16050882.0,0.010792
2023-08-25,DIS,26403,83.36,16050882.0,0.010792
2023-08-25,DIS,26403,83.36,16050882.0,0.010792
2023-08-25,DIS,26403,83.36,16050882.0,0.010792
2023-08-25,DIS,26403,83.36,16050882.0,0.010792
2023-08-25,DIS,26403,83.36,16050882.0,0.010792
2023-08-28,DIS,26403,84.16,12166436.0,0.009597
2023-08-28,DIS,26403,84.16,12166436.0,0.009597
2023-08-28,DIS,26403,84.16,12166436.0,0.009597
2023-08-28,DIS,26403,84.16,12166436.0,0.009597
2023-08-28,DIS,26403,84.16,12166436.0,0.009597
2023-08-28,DIS,26403,84.16,12166436.0,0.009597
2023-08-28,DIS,26403,84.16,12166436.0,0.009597
2023-08-28,DIS,26403,84.16,12166436.0,0.009597
2023-08-28,DIS,26403,84.16,12166436.0,0.009597
2023-08-29,DIS,26403,84.4,11210669.0,0.002852
2023-08-29,DIS,26403,84.4,11210669.0,0.002852
2023-08-29,DIS,26403,84.4,11210669.0,0.002852
2023-08-29,DIS,26403,84.4,11210669.0,0.002852
2023-08-29,DIS,26403,84.4,11210669.0,0.002852
2023-08-29,DIS,26403,84.4,11210669.0,0.002852
2023-08-29,DIS,26403,84.4,11210669.0,0.002852
2023-08-29,DIS,26403,84.4,11210669.0,0.002852
2023-08-29,DIS,26403,84.4,11210669.0,0.002852
2023-08-30,DIS,26403,84.28,11816643.0,-0.001422
2023-08-30,DIS,26403,84.28,11816643.0,-0.001422
2023-08-30,DIS,26403,84.28,11816643.0,-0.001422
2023-08-30,DIS,26403,84.28,11816643.0,-0.001422
2023-08-30,DIS,26403,84.28,11816643.0,-0.001422
2023-08-30,DIS,26403,84.28,11816643.0,-0.001422
2023-08-30,DIS,26403,84.28,11816643.0,-0.001422
2023-08-30,DIS,26403,84.28,11816643.0,-0.001422
2023-08-30,DIS,26403,84.28,11816643.0,-0.001422
2023-08-31,DIS,26403,83.68,10447960.0,-0.007119
2023-08-31,DIS,26403,83.68,10447960.0,-0.007119
2023-08-31,DIS,26403,83.68,10447960.0,-0.007119
2023-08-31,DIS,26403,83.68,10447960.0,-0.007119
2023-08-31,DIS,26403,83.68,10447960.0,-0.007119
2023-08-31,DIS,26403,83.68,10447960.0,-0.007119
2023-08-31,DIS,26403,83.68,10447960.0,-0.007119
2023-08-31,DIS,26403,83.68,10447960.0,-0.007119
2023-08-31,DIS,26403,83.68,10447960.0,-0.007119
2023-09-01,DIS,26403,81.64,27701889.0,-0.024379
2023-09-01,DIS,26403,81.64,27701889.0,-0.024379
2023-09-01,DIS,26403,81.64,27701889.0,-0.024379
2023-09-01,DIS,26403,81.64,27701889.0,-0.024379
2023-09-01,DIS,26403,81.64,27701889.0,-0.024379
2023-09-01,DIS,26403,81.64,27701889.0,-0.024379
2023-09-01,DIS,26403,81.64,27701889.0,-0.024379
2023-09-01,DIS,26403,81.64,27701889.0,-0.024379
2023-09-01,DIS,26403,81.64,27701889.0,-0.024379
2023-09-05,DIS,26403,81.19,12741682.0,-0.005512
2023-09-05,DIS,26403,81.19,12741682.0,-0.005512
2023-09-05,DIS,26403,81.19,12741682.0,-0.005512
2023-09-05,DIS,26403,81.19,12741682.0,-0.005512
2023-09-05,DIS,26403,81.19,12741682.0,-0.005512
2023-09-05,DIS,26403,81.19,12741682.0,-0.005512
2023-09-05,DIS,26403,81.19,12741682.0,-0.005512
2023-09-05,DIS,26403,81.19,12741682.0,-0.005512
2023-09-05,DIS,26403,81.19,12741682.0,-0.005512
2023-09-06,DIS,26403,80.98,15518544.0,-0.002587
2023-09-06,DIS,26403,80.98,15518544.0,-0.002587
2023-09-06,DIS,26403,80.98,15518544.0,-0.002587
2023-09-06,DIS,26403,80.98,15518544.0,-0.002587
2023-09-06,DIS,26403,80.98,15518544.0,-0.002587
2023-09-06,DIS,26403,80.98,15518544.0,-0.002587
2023-09-06,DIS,26403,80.98,15518544.0,-0.002587
2023-09-06,DIS,26403,80.98,15518544.0,-0.002587
2023-09-06,DIS,26403,80.98,15518544.0,-0.002587
2023-09-07,DIS,26403,80.57,14767972.0,-0.005063
2023-09-07,DIS,26403,80.57,14767972.0,-0.005063
2023-09-07,DIS,26403,80.57,14767972.0,-0.005063
2023-09-07,DIS,26403,80.57,14767972.0,-0.005063
2023-09-07,DIS,26403,80.57,14767972.0,-0.005063
2023-09-07,DIS,26403,80.57,14767972.0,-0.005063
2023-09-07,DIS,26403,80.57,14767972.0,-0.005063
2023-09-07,DIS,26403,80.57,14767972.0,-0.005063
2023-09-07,DIS,26403,80.57,14767972.0,-0.005063
2023-09-08,DIS,26403,81.58,16233621.0,0.012536
2023-09-08,DIS,26403,81.58,16233621.0,0.012536
2023-09-08,DIS,26403,81.58,16233621.0,0.012536
2023-09-08,DIS,26403,81.58,16233621.0,0.012536
2023-09-08,DIS,26403,81.58,16233621.0,0.012536
2023-09-08,DIS,26403,81.58,16233621.0,0.012536
2023-09-08,DIS,26403,81.58,16233621.0,0.012536
2023-09-08,DIS,26403,81.58,16233621.0,0.012536
2023-09-08,DIS,26403,81.58,16233621.0,0.012536
2023-09-11,DIS,26403,82.52,26579061.0,0.011522
2023-09-11,DIS,26403,82.52,26579061.0,0.011522
2023-09-11,DIS,26403,82.52,26579061.0,0.011522
2023-09-11,DIS,26403,82.52,26579061.0,0.011522
2023-09-11,DIS,26403,82.52,26579061.0,0.011522
2023-09-11,DIS,26403,82.52,26579061.0,0.011522
2023-09-11,DIS,26403,82.52,26579061.0,0.011522
2023-09-11,DIS,26403,82.52,26579061.0,0.011522
2023-09-11,DIS,26403,82.52,26579061.0,0.011522
2023-09-12,DIS,26403,83.68,16594608.0,0.014057
2023-09-12,DIS,26403,83.68,16594608.0,0.014057
2023-09-12,DIS,26403,83.68,16594608.0,0.014057
2023-09-12,DIS,26403,83.68,16594608.0,0.014057
2023-09-12,DIS,26403,83.68,16594608.0,0.014057
2023-09-12,DIS,26403,83.68,16594608.0,0.014057
2023-09-12,DIS,26403,83.68,16594608.0,0.014057
2023-09-12,DIS,26403,83.68,16594608.0,0.014057
2023-09-12,DIS,26403,83.68,16594608.0,0.014057
2023-09-13,DIS,26403,83.48,9772692.0,-0.00239
2023-09-13,DIS,26403,83.48,9772692.0,-0.00239
2023-09-13,DIS,26403,83.48,9772692.0,-0.00239
2023-09-13,DIS,26403,83.48,9772692.0,-0.00239
2023-09-13,DIS,26403,83.48,9772692.0,-0.00239
2023-09-13,DIS,26403,83.48,9772692.0,-0.00239
2023-09-13,DIS,26403,83.48,9772692.0,-0.00239
2023-09-13,DIS,26403,83.48,9772692.0,-0.00239
2023-09-13,DIS,26403,83.48,9772692.0,-0.00239
2023-09-14,DIS,26403,84.48,22371918.0,0.011979
2023-09-14,DIS,26403,84.48,22371918.0,0.011979
2023-09-14,DIS,26403,84.48,22371918.0,0.011979
2023-09-14,DIS,26403,84.48,22371918.0,0.011979
2023-09-14,DIS,26403,84.48,22371918.0,0.011979
2023-09-14,DIS,26403,84.48,22371918.0,0.011979
2023-09-14,DIS,26403,84.48,22371918.0,0.011979
2023-09-14,DIS,26403,84.48,22371918.0,0.011979
2023-09-14,DIS,26403,84.48,22371918.0,0.011979
2023-09-15,DIS,26403,85.58,21631240.0,0.013021
2023-09-15,DIS,26403,85.58,21631240.0,0.013021
2023-09-15,DIS,26403,85.58,21631240.0,0.013021
2023-09-15,DIS,26403,85.58,21631240.0,0.013021
2023-09-15,DIS,26403,85.58,21631240.0,0.013021
2023-09-15,DIS,26403,85.58,21631240.0,0.013021
2023-09-15,DIS,26403,85.58,21631240.0,0.013021
2023-09-15,DIS,26403,85.58,21631240.0,0.013021
2023-09-15,DIS,26403,85.58,21631240.0,0.013021
2023-09-18,DIS,26403,85.02,11894183.0,-0.006544
2023-09-18,DIS,26403,85.02,11894183.0,-0.006544
2023-09-18,DIS,26403,85.02,11894183.0,-0.006544
2023-09-18,DIS,26403,85.02,11894183.0,-0.006544
2023-09-18,DIS,26403,85.02,11894183.0,-0.006544
2023-09-18,DIS,26403,85.02,11894183.0,-0.006544
2023-09-18,DIS,26403,85.02,11894183.0,-0.006544
2023-09-18,DIS,26403,85.02,11894183.0,-0.006544
2023-09-18,DIS,26403,85.02,11894183.0,-0.006544
2023-09-19,DIS,26403,81.94,21478915.0,-0.036227
2023-09-19,DIS,26403,81.94,21478915.0,-0.036227
2023-09-19,DIS,26403,81.94,21478915.0,-0.036227
2023-09-19,DIS,26403,81.94,21478915.0,-0.036227
2023-09-19,DIS,26403,81.94,21478915.0,-0.036227
2023-09-19,DIS,26403,81.94,21478915.0,-0.036227
2023-09-19,DIS,26403,81.94,21478915.0,-0.036227
2023-09-19,DIS,26403,81.94,21478915.0,-0.036227
2023-09-19,DIS,26403,81.94,21478915.0,-0.036227
2023-09-20,DIS,26403,82.56,12715167.0,0.007566
2023-09-20,DIS,26403,82.56,12715167.0,0.007566
2023-09-20,DIS,26403,82.56,12715167.0,0.007566
2023-09-20,DIS,26403,82.56,12715167.0,0.007566
2023-09-20,DIS,26403,82.56,12715167.0,0.007566
2023-09-20,DIS,26403,82.56,12715167.0,0.007566
2023-09-20,DIS,26403,82.56,12715167.0,0.007566
2023-09-20,DIS,26403,82.56,12715167.0,0.007566
2023-09-20,DIS,26403,82.56,12715167.0,0.007566
2023-09-21,DIS,26403,82.73,14378025.0,0.002059
2023-09-21,DIS,26403,82.73,14378025.0,0.002059
2023-09-21,DIS,26403,82.73,14378025.0,0.002059
2023-09-21,DIS,26403,82.73,14378025.0,0.002059
2023-09-21,DIS,26403,82.73,14378025.0,0.002059
2023-09-21,DIS,26403,82.73,14378025.0,0.002059
2023-09-21,DIS,26403,82.73,14378025.0,0.002059
2023-09-21,DIS,26403,82.73,14378025.0,0.002059
2023-09-21,DIS,26403,82.73,14378025.0,0.002059
2023-09-22,DIS,26403,81.25,11495300.0,-0.01789
2023-09-22,DIS,26403,81.25,11495300.0,-0.01789
2023-09-22,DIS,26403,81.25,11495300.0,-0.01789
2023-09-22,DIS,26403,81.25,11495300.0,-0.01789
2023-09-22,DIS,26403,81.25,11495300.0,-0.01789
2023-09-22,DIS,26403,81.25,11495300.0,-0.01789
2023-09-22,DIS,26403,81.25,11495300.0,-0.01789
2023-09-22,DIS,26403,81.25,11495300.0,-0.01789
2023-09-22,DIS,26403,81.25,11495300.0,-0.01789
2023-09-25,DIS,26403,81.01,11034439.0,-0.002954
2023-09-25,DIS,26403,81.01,11034439.0,-0.002954
2023-09-25,DIS,26403,81.01,11034439.0,-0.002954
2023-09-25,DIS,26403,81.01,11034439.0,-0.002954
2023-09-25,DIS,26403,81.01,11034439.0,-0.002954
2023-09-25,DIS,26403,81.01,11034439.0,-0.002954
2023-09-25,DIS,26403,81.01,11034439.0,-0.002954
2023-09-25,DIS,26403,81.01,11034439.0,-0.002954
2023-09-25,DIS,26403,81.01,11034439.0,-0.002954
2023-09-26,DIS,26403,80.05,14867862.0,-0.01185
2023-09-26,DIS,26403,80.05,14867862.0,-0.01185
2023-09-26,DIS,26403,80.05,14867862.0,-0.01185
2023-09-26,DIS,26403,80.05,14867862.0,-0.01185
2023-09-26,DIS,26403,80.05,14867862.0,-0.01185
2023-09-26,DIS,26403,80.05,14867862.0,-0.01185
2023-09-26,DIS,26403,80.05,14867862.0,-0.01185
2023-09-26,DIS,26403,80.05,14867862.0,-0.01185
2023-09-26,DIS,26403,80.05,14867862.0,-0.01185
2023-09-27,DIS,26403,79.9,14662506.0,-0.001874
2023-09-27,DIS,26403,79.9,14662506.0,-0.001874
2023-09-27,DIS,26403,79.9,14662506.0,-0.001874
2023-09-27,DIS,26403,79.9,14662506.0,-0.001874
2023-09-27,DIS,26403,79.9,14662506.0,-0.001874
2023-09-27,DIS,26403,79.9,14662506.0,-0.001874
2023-09-27,DIS,26403,79.9,14662506.0,-0.001874
2023-09-27,DIS,26403,79.9,14662506.0,-0.001874
2023-09-27,DIS,26403,79.9,14662506.0,-0.001874
2023-09-28,DIS,26403,80.13,12229820.0,0.002879
2023-09-28,DIS,26403,80.13,12229820.0,0.002879
2023-09-28,DIS,26403,80.13,12229820.0,0.002879
2023-09-28,DIS,26403,80.13,12229820.0,0.002879
2023-09-28,DIS,26403,80.13,12229820.0,0.002879
2023-09-28,DIS,26403,80.13,12229820.0,0.002879
2023-09-28,DIS,26403,80.13,12229820.0,0.002879
2023-09-28,DIS,26403,80.13,12229820.0,0.002879
2023-09-28,DIS,26403,80.13,12229820.0,0.002879
2023-09-29,DIS,26403,81.05,11261366.0,0.011481
2023-09-29,DIS,26403,81.05,11261366.0,0.011481
2023-09-29,DIS,26403,81.05,11261366.0,0.011481
2023-09-29,DIS,26403,81.05,11261366.0,0.011481
2023-09-29,DIS,26403,81.05,11261366.0,0.011481
2023-09-29,DIS,26403,81.05,11261366.0,0.011481
2023-09-29,DIS,26403,81.05,11261366.0,0.011481
2023-09-29,DIS,26403,81.05,11261366.0,0.011481
2023-09-29,DIS,26403,81.05,11261366.0,0.011481
2023-10-02,DIS,26403,81.67,9128074.0,0.00765
2023-10-02,DIS,26403,81.67,9128074.0,0.00765
2023-10-02,DIS,26403,81.67,9128074.0,0.00765
2023-10-02,DIS,26403,81.67,9128074.0,0.00765
2023-10-02,DIS,26403,81.67,9128074.0,0.00765
2023-10-02,DIS,26403,81.67,9128074.0,0.00765
2023-10-02,DIS,26403,81.67,9128074.0,0.00765
2023-10-02,DIS,26403,81.67,9128074.0,0.00765
2023-10-02,DIS,26403,81.67,9128074.0,0.00765
2023-10-03,DIS,26403,79.54,12586235.0,-0.026081
2023-10-03,DIS,26403,79.54,12586235.0,-0.026081
2023-10-03,DIS,26403,79.54,12586235.0,-0.026081
2023-10-03,DIS,26403,79.54,12586235.0,-0.026081
2023-10-03,DIS,26403,79.54,12586235.0,-0.026081
2023-10-03,DIS,26403,79.54,12586235.0,-0.026081
2023-10-03,DIS,26403,79.54,12586235.0,-0.026081
2023-10-03,DIS,26403,79.54,12586235.0,-0.026081
2023-10-03,DIS,26403,79.54,12586235.0,-0.026081
2023-10-04,DIS,26403,79.32,12010508.0,-0.002766
2023-10-04,DIS,26403,79.32,12010508.0,-0.002766
2023-10-04,DIS,26403,79.32,12010508.0,-0.002766
2023-10-04,DIS,26403,79.32,12010508.0,-0.002766
2023-10-04,DIS,26403,79.32,12010508.0,-0.002766
2023-10-04,DIS,26403,79.32,12010508.0,-0.002766
2023-10-04,DIS,26403,79.32,12010508.0,-0.002766
2023-10-04,DIS,26403,79.32,12010508.0,-0.002766
2023-10-04,DIS,26403,79.32,12010508.0,-0.002766
2023-10-05,DIS,26403,80.81,15466571.0,0.018785
2023-10-05,DIS,26403,80.81,15466571.0,0.018785
2023-10-05,DIS,26403,80.81,15466571.0,0.018785
2023-10-05,DIS,26403,80.81,15466571.0,0.018785
2023-10-05,DIS,26403,80.81,15466571.0,0.018785
2023-10-05,DIS,26403,80.81,15466571.0,0.018785
2023-10-05,DIS,26403,80.81,15466571.0,0.018785
2023-10-05,DIS,26403,80.81,15466571.0,0.018785
2023-10-05,DIS,26403,80.81,15466571.0,0.018785
2023-10-06,DIS,26403,82.94,15391073.0,0.026358
2023-10-06,DIS,26403,82.94,15391073.0,0.026358
2023-10-06,DIS,26403,82.94,15391073.0,0.026358
2023-10-06,DIS,26403,82.94,15391073.0,0.026358
2023-10-06,DIS,26403,82.94,15391073.0,0.026358
2023-10-06,DIS,26403,82.94,15391073.0,0.026358
2023-10-06,DIS,26403,82.94,15391073.0,0.026358
2023-10-06,DIS,26403,82.94,15391073.0,0.026358
2023-10-06,DIS,26403,82.94,15391073.0,0.026358
2023-10-09,DIS,26403,84.7,13604405.0,0.02122
2023-10-09,DIS,26403,84.7,13604405.0,0.02122
2023-10-09,DIS,26403,84.7,13604405.0,0.02122
2023-10-09,DIS,26403,84.7,13604405.0,0.02122
2023-10-09,DIS,26403,84.7,13604405.0,0.02122
2023-10-09,DIS,26403,84.7,13604405.0,0.02122
2023-10-09,DIS,26403,84.7,13604405.0,0.02122
2023-10-09,DIS,26403,84.7,13604405.0,0.02122
2023-10-09,DIS,26403,84.7,13604405.0,0.02122
2023-10-10,DIS,26403,84.99,9450609.0,0.003424
2023-10-10,DIS,26403,84.99,9450609.0,0.003424
2023-10-10,DIS,26403,84.99,9450609.0,0.003424
2023-10-10,DIS,26403,84.99,9450609.0,0.003424
2023-10-10,DIS,26403,84.99,9450609.0,0.003424
2023-10-10,DIS,26403,84.99,9450609.0,0.003424
2023-10-10,DIS,26403,84.99,9450609.0,0.003424
2023-10-10,DIS,26403,84.99,9450609.0,0.003424
2023-10-10,DIS,26403,84.99,9450609.0,0.003424
2023-10-11,DIS,26403,84.85,9499170.0,-0.001647
2023-10-11,DIS,26403,84.85,9499170.0,-0.001647
2023-10-11,DIS,26403,84.85,9499170.0,-0.001647
2023-10-11,DIS,26403,84.85,9499170.0,-0.001647
2023-10-11,DIS,26403,84.85,9499170.0,-0.001647
2023-10-11,DIS,26403,84.85,9499170.0,-0.001647
2023-10-11,DIS,26403,84.85,9499170.0,-0.001647
2023-10-11,DIS,26403,84.85,9499170.0,-0.001647
2023-10-11,DIS,26403,84.85,9499170.0,-0.001647
2023-10-12,DIS,26403,84.35,9554881.0,-0.005893
2023-10-12,DIS,26403,84.35,9554881.0,-0.005893
2023-10-12,DIS,26403,84.35,9554881.0,-0.005893
2023-10-12,DIS,26403,84.35,9554881.0,-0.005893
2023-10-12,DIS,26403,84.35,9554881.0,-0.005893
2023-10-12,DIS,26403,84.35,9554881.0,-0.005893
2023-10-12,DIS,26403,84.35,9554881.0,-0.005893
2023-10-12,DIS,26403,84.35,9554881.0,-0.005893
2023-10-12,DIS,26403,84.35,9554881.0,-0.005893
2023-10-13,DIS,26403,84.35,10813094.0,0.0
2023-10-13,DIS,26403,84.35,10813094.0,0.0
2023-10-13,DIS,26403,84.35,10813094.0,0.0
2023-10-13,DIS,26403,84.35,10813094.0,0.0
2023-10-13,DIS,26403,84.35,10813094.0,0.0
2023-10-13,DIS,26403,84.35,10813094.0,0.0
2023-10-13,DIS,26403,84.35,10813094.0,0.0
2023-10-13,DIS,26403,84.35,10813094.0,0.0
2023-10-13,DIS,26403,84.35,10813094.0,0.0
2023-10-16,DIS,26403,85.71,10275144.0,0.016123
2023-10-16,DIS,26403,85.71,10275144.0,0.016123
2023-10-16,DIS,26403,85.71,10275144.0,0.016123
2023-10-16,DIS,26403,85.71,10275144.0,0.016123
2023-10-16,DIS,26403,85.71,10275144.0,0.016123
2023-10-16,DIS,26403,85.71,10275144.0,0.016123
2023-10-16,DIS,26403,85.71,10275144.0,0.016123
2023-10-16,DIS,26403,85.71,10275144.0,0.016123
2023-10-16,DIS,26403,85.71,10275144.0,0.016123
2023-10-17,DIS,26403,86.2,9985651.0,0.005717
2023-10-17,DIS,26403,86.2,9985651.0,0.005717
2023-10-17,DIS,26403,86.2,9985651.0,0.005717
2023-10-17,DIS,26403,86.2,9985651.0,0.005717
2023-10-17,DIS,26403,86.2,9985651.0,0.005717
2023-10-17,DIS,26403,86.2,9985651.0,0.005717
2023-10-17,DIS,26403,86.2,9985651.0,0.005717
2023-10-17,DIS,26403,86.2,9985651.0,0.005717
2023-10-17,DIS,26403,86.2,9985651.0,0.005717
2023-10-18,DIS,26403,84.68,10047019.0,-0.017633
2023-10-18,DIS,26403,84.68,10047019.0,-0.017633
2023-10-18,DIS,26403,84.68,10047019.0,-0.017633
2023-10-18,DIS,26403,84.68,10047019.0,-0.017633
2023-10-18,DIS,26403,84.68,10047019.0,-0.017633
2023-10-18,DIS,26403,84.68,10047019.0,-0.017633
2023-10-18,DIS,26403,84.68,10047019.0,-0.017633
2023-10-18,DIS,26403,84.68,10047019.0,-0.017633
2023-10-18,DIS,26403,84.68,10047019.0,-0.017633
2023-10-19,DIS,26403,83.25,14316809.0,-0.016887
2023-10-19,DIS,26403,83.25,14316809.0,-0.016887
2023-10-19,DIS,26403,83.25,14316809.0,-0.016887
2023-10-19,DIS,26403,83.25,14316809.0,-0.016887
2023-10-19,DIS,26403,83.25,14316809.0,-0.016887
2023-10-19,DIS,26403,83.25,14316809.0,-0.016887
2023-10-19,DIS,26403,83.25,14316809.0,-0.016887
2023-10-19,DIS,26403,83.25,14316809.0,-0.016887
2023-10-19,DIS,26403,83.25,14316809.0,-0.016887
2023-10-20,DIS,26403,82.65,10436993.0,-0.007207
2023-10-20,DIS,26403,82.65,10436993.0,-0.007207
2023-10-20,DIS,26403,82.65,10436993.0,-0.007207
2023-10-20,DIS,26403,82.65,10436993.0,-0.007207
2023-10-20,DIS,26403,82.65,10436993.0,-0.007207
2023-10-20,DIS,26403,82.65,10436993.0,-0.007207
2023-10-20,DIS,26403,82.65,10436993.0,-0.007207
2023-10-20,DIS,26403,82.65,10436993.0,-0.007207
2023-10-20,DIS,26403,82.65,10436993.0,-0.007207
2023-10-23,DIS,26403,83.1,10772524.0,0.005445
2023-10-23,DIS,26403,83.1,10772524.0,0.005445
2023-10-23,DIS,26403,83.1,10772524.0,0.005445
2023-10-23,DIS,26403,83.1,10772524.0,0.005445
2023-10-23,DIS,26403,83.1,10772524.0,0.005445
2023-10-23,DIS,26403,83.1,10772524.0,0.005445
2023-10-23,DIS,26403,83.1,10772524.0,0.005445
2023-10-23,DIS,26403,83.1,10772524.0,0.005445
2023-10-23,DIS,26403,83.1,10772524.0,0.005445
2023-10-24,DIS,26403,82.56,11499469.0,-0.006498
2023-10-24,DIS,26403,82.56,11499469.0,-0.006498
2023-10-24,DIS,26403,82.56,11499469.0,-0.006498
2023-10-24,DIS,26403,82.56,11499469.0,-0.006498
2023-10-24,DIS,26403,82.56,11499469.0,-0.006498
2023-10-24,DIS,26403,82.56,11499469.0,-0.006498
2023-10-24,DIS,26403,82.56,11499469.0,-0.006498
2023-10-24,DIS,26403,82.56,11499469.0,-0.006498
2023-10-24,DIS,26403,82.56,11499469.0,-0.006498
2023-10-25,DIS,26403,80.59,9372522.0,-0.023861
2023-10-25,DIS,26403,80.59,9372522.0,-0.023861
2023-10-25,DIS,26403,80.59,9372522.0,-0.023861
2023-10-25,DIS,26403,80.59,9372522.0,-0.023861
2023-10-25,DIS,26403,80.59,9372522.0,-0.023861
2023-10-25,DIS,26403,80.59,9372522.0,-0.023861
2023-10-25,DIS,26403,80.59,9372522.0,-0.023861
2023-10-25,DIS,26403,80.59,9372522.0,-0.023861
2023-10-25,DIS,26403,80.59,9372522.0,-0.023861
2023-10-26,DIS,26403,79.78,11650989.0,-0.010051
2023-10-26,DIS,26403,79.78,11650989.0,-0.010051
2023-10-26,DIS,26403,79.78,11650989.0,-0.010051
2023-10-26,DIS,26403,79.78,11650989.0,-0.010051
2023-10-26,DIS,26403,79.78,11650989.0,-0.010051
2023-10-26,DIS,26403,79.78,11650989.0,-0.010051
2023-10-26,DIS,26403,79.78,11650989.0,-0.010051
2023-10-26,DIS,26403,79.78,11650989.0,-0.010051
2023-10-26,DIS,26403,79.78,11650989.0,-0.010051
2023-10-27,DIS,26403,79.33,10300556.0,-0.00564
2023-10-27,DIS,26403,79.33,10300556.0,-0.00564
2023-10-27,DIS,26403,79.33,10300556.0,-0.00564
2023-10-27,DIS,26403,79.33,10300556.0,-0.00564
2023-10-27,DIS,26403,79.33,10300556.0,-0.00564
2023-10-27,DIS,26403,79.33,10300556.0,-0.00564
2023-10-27,DIS,26403,79.33,10300556.0,-0.00564
2023-10-27,DIS,26403,79.33,10300556.0,-0.00564
2023-10-27,DIS,26403,79.33,10300556.0,-0.00564
2023-10-30,DIS,26403,80.68,10291181.0,0.017018
2023-10-30,DIS,26403,80.68,10291181.0,0.017018
2023-10-30,DIS,26403,80.68,10291181.0,0.017018
2023-10-30,DIS,26403,80.68,10291181.0,0.017018
2023-10-30,DIS,26403,80.68,10291181.0,0.017018
2023-10-30,DIS,26403,80.68,10291181.0,0.017018
2023-10-30,DIS,26403,80.68,10291181.0,0.017018
2023-10-30,DIS,26403,80.68,10291181.0,0.017018
2023-10-30,DIS,26403,80.68,10291181.0,0.017018
2023-10-31,DIS,26403,81.59,8672234.0,0.011279
2023-10-31,DIS,26403,81.59,8672234.0,0.011279
2023-10-31,DIS,26403,81.59,8672234.0,0.011279
2023-10-31,DIS,26403,81.59,8672234.0,0.011279
2023-10-31,DIS,26403,81.59,8672234.0,0.011279
2023-10-31,DIS,26403,81.59,8672234.0,0.011279
2023-10-31,DIS,26403,81.59,8672234.0,0.011279
2023-10-31,DIS,26403,81.59,8672234.0,0.011279
2023-10-31,DIS,26403,81.59,8672234.0,0.011279
2023-11-01,DIS,26403,81.07,9092974.0,-0.006373
2023-11-01,DIS,26403,81.07,9092974.0,-0.006373
2023-11-01,DIS,26403,81.07,9092974.0,-0.006373
2023-11-01,DIS,26403,81.07,9092974.0,-0.006373
2023-11-01,DIS,26403,81.07,9092974.0,-0.006373
2023-11-01,DIS,26403,81.07,9092974.0,-0.006373
2023-11-01,DIS,26403,81.07,9092974.0,-0.006373
2023-11-01,DIS,26403,81.07,9092974.0,-0.006373
2023-11-01,DIS,26403,81.07,9092974.0,-0.006373
2023-11-02,DIS,26403,83.29,11518450.0,0.027384
2023-11-02,DIS,26403,83.29,11518450.0,0.027384
2023-11-02,DIS,26403,83.29,11518450.0,0.027384
2023-11-02,DIS,26403,83.29,11518450.0,0.027384
2023-11-02,DIS,26403,83.29,11518450.0,0.027384
2023-11-02,DIS,26403,83.29,11518450.0,0.027384
2023-11-02,DIS,26403,83.29,11518450.0,0.027384
2023-11-02,DIS,26403,83.29,11518450.0,0.027384
2023-11-02,DIS,26403,83.29,11518450.0,0.027384
2023-11-03,DIS,26403,85.07,11331778.0,0.021371
2023-11-03,DIS,26403,85.07,11331778.0,0.021371
2023-11-03,DIS,26403,85.07,11331778.0,0.021371
2023-11-03,DIS,26403,85.07,11331778.0,0.021371
2023-11-03,DIS,26403,85.07,11331778.0,0.021371
2023-11-03,DIS,26403,85.07,11331778.0,0.021371
2023-11-03,DIS,26403,85.07,11331778.0,0.021371
2023-11-03,DIS,26403,85.07,11331778.0,0.021371
2023-11-03,DIS,26403,85.07,11331778.0,0.021371
2023-11-06,DIS,26403,84.02,14160922.0,-0.012343
2023-11-06,DIS,26403,84.02,14160922.0,-0.012343
2023-11-06,DIS,26403,84.02,14160922.0,-0.012343
2023-11-06,DIS,26403,84.02,14160922.0,-0.012343
2023-11-06,DIS,26403,84.02,14160922.0,-0.012343
2023-11-06,DIS,26403,84.02,14160922.0,-0.012343
2023-11-06,DIS,26403,84.02,14160922.0,-0.012343
2023-11-06,DIS,26403,84.02,14160922.0,-0.012343
2023-11-06,DIS,26403,84.02,14160922.0,-0.012343
2023-11-07,DIS,26403,84.59,10540204.0,0.006784
2023-11-07,DIS,26403,84.59,10540204.0,0.006784
2023-11-07,DIS,26403,84.59,10540204.0,0.006784
2023-11-07,DIS,26403,84.59,10540204.0,0.006784
2023-11-07,DIS,26403,84.59,10540204.0,0.006784
2023-11-07,DIS,26403,84.59,10540204.0,0.006784
2023-11-07,DIS,26403,84.59,10540204.0,0.006784
2023-11-07,DIS,26403,84.59,10540204.0,0.006784
2023-11-07,DIS,26403,84.59,10540204.0,0.006784
2023-11-08,DIS,26403,84.5,26942600.0,-0.001064
2023-11-08,DIS,26403,84.5,26942600.0,-0.001064
2023-11-08,DIS,26403,84.5,26942600.0,-0.001064
2023-11-08,DIS,26403,84.5,26942600.0,-0.001064
2023-11-08,DIS,26403,84.5,26942600.0,-0.001064
2023-11-08,DIS,26403,84.5,26942600.0,-0.001064
2023-11-08,DIS,26403,84.5,26942600.0,-0.001064
2023-11-08,DIS,26403,84.5,26942600.0,-0.001064
2023-11-08,DIS,26403,84.5,26942600.0,-0.001064
2023-11-09,DIS,26403,90.34,51062704.0,0.069112
2023-11-09,DIS,26403,90.34,51062704.0,0.069112
2023-11-09,DIS,26403,90.34,51062704.0,0.069112
2023-11-09,DIS,26403,90.34,51062704.0,0.069112
2023-11-09,DIS,26403,90.34,51062704.0,0.069112
2023-11-09,DIS,26403,90.34,51062704.0,0.069112
2023-11-09,DIS,26403,90.34,51062704.0,0.069112
2023-11-09,DIS,26403,90.34,51062704.0,0.069112
2023-11-09,DIS,26403,90.34,51062704.0,0.069112
2023-11-10,DIS,26403,88.27,25200001.0,-0.022913
2023-11-10,DIS,26403,88.27,25200001.0,-0.022913
2023-11-10,DIS,26403,88.27,25200001.0,-0.022913
2023-11-10,DIS,26403,88.27,25200001.0,-0.022913
2023-11-10,DIS,26403,88.27,25200001.0,-0.022913
2023-11-10,DIS,26403,88.27,25200001.0,-0.022913
2023-11-10,DIS,26403,88.27,25200001.0,-0.022913
2023-11-10,DIS,26403,88.27,25200001.0,-0.022913
2023-11-10,DIS,26403,88.27,25200001.0,-0.022913
2023-11-13,DIS,26403,89.44,12834443.0,0.013255
2023-11-13,DIS,26403,89.44,12834443.0,0.013255
2023-11-13,DIS,26403,89.44,12834443.0,0.013255
2023-11-13,DIS,26403,89.44,12834443.0,0.013255
2023-11-13,DIS,26403,89.44,12834443.0,0.013255
2023-11-13,DIS,26403,89.44,12834443.0,0.013255
2023-11-13,DIS,26403,89.44,12834443.0,0.013255
2023-11-13,DIS,26403,89.44,12834443.0,0.013255
2023-11-13,DIS,26403,89.44,12834443.0,0.013255
2023-11-14,DIS,26403,91.07,13152029.0,0.018225
2023-11-14,DIS,26403,91.07,13152029.0,0.018225
2023-11-14,DIS,26403,91.07,13152029.0,0.018225
2023-11-14,DIS,26403,91.07,13152029.0,0.018225
2023-11-14,DIS,26403,91.07,13152029.0,0.018225
2023-11-14,DIS,26403,91.07,13152029.0,0.018225
2023-11-14,DIS,26403,91.07,13152029.0,0.018225
2023-11-14,DIS,26403,91.07,13152029.0,0.018225
2023-11-14,DIS,26403,91.07,13152029.0,0.018225
2023-11-15,DIS,26403,93.93,20593054.0,0.031404
2023-11-15,DIS,26403,93.93,20593054.0,0.031404
2023-11-15,DIS,26403,93.93,20593054.0,0.031404
2023-11-15,DIS,26403,93.93,20593054.0,0.031404
2023-11-15,DIS,26403,93.93,20593054.0,0.031404
2023-11-15,DIS,26403,93.93,20593054.0,0.031404
2023-11-15,DIS,26403,93.93,20593054.0,0.031404
2023-11-15,DIS,26403,93.93,20593054.0,0.031404
2023-11-15,DIS,26403,93.93,20593054.0,0.031404
2023-11-16,DIS,26403,94.51,12923919.0,0.006175
2023-11-16,DIS,26403,94.51,12923919.0,0.006175
2023-11-16,DIS,26403,94.51,12923919.0,0.006175
2023-11-16,DIS,26403,94.51,12923919.0,0.006175
2023-11-16,DIS,26403,94.51,12923919.0,0.006175
2023-11-16,DIS,26403,94.51,12923919.0,0.006175
2023-11-16,DIS,26403,94.51,12923919.0,0.006175
2023-11-16,DIS,26403,94.51,12923919.0,0.006175
2023-11-16,DIS,26403,94.51,12923919.0,0.006175
2023-11-17,DIS,26403,94.15,12201304.0,-0.003809
2023-11-17,DIS,26403,94.15,12201304.0,-0.003809
2023-11-17,DIS,26403,94.15,12201304.0,-0.003809
2023-11-17,DIS,26403,94.15,12201304.0,-0.003809
2023-11-17,DIS,26403,94.15,12201304.0,-0.003809
2023-11-17,DIS,26403,94.15,12201304.0,-0.003809
2023-11-17,DIS,26403,94.15,12201304.0,-0.003809
2023-11-17,DIS,26403,94.15,12201304.0,-0.003809
2023-11-17,DIS,26403,94.15,12201304.0,-0.003809
2023-11-20,DIS,26403,95.03,14114766.0,0.009347
2023-11-20,DIS,26403,95.03,14114766.0,0.009347
2023-11-20,DIS,26403,95.03,14114766.0,0.009347
2023-11-20,DIS,26403,95.03,14114766.0,0.009347
2023-11-20,DIS,26403,95.03,14114766.0,0.009347
2023-11-20,DIS,26403,95.03,14114766.0,0.009347
2023-11-20,DIS,26403,95.03,14114766.0,0.009347
2023-11-20,DIS,26403,95.03,14114766.0,0.009347
2023-11-20,DIS,26403,95.03,14114766.0,0.009347
2023-11-21,DIS,26403,94.45,7654843.0,-0.006103
2023-11-21,DIS,26403,94.45,7654843.0,-0.006103
2023-11-21,DIS,26403,94.45,7654843.0,-0.006103
2023-11-21,DIS,26403,94.45,7654843.0,-0.006103
2023-11-21,DIS,26403,94.45,7654843.0,-0.006103
2023-11-21,DIS,26403,94.45,7654843.0,-0.006103
2023-11-21,DIS,26403,94.45,7654843.0,-0.006103
2023-11-21,DIS,26403,94.45,7654843.0,-0.006103
2023-11-21,DIS,26403,94.45,7654843.0,-0.006103
2023-11-22,DIS,26403,95.07,7330932.0,0.006564
2023-11-22,DIS,26403,95.07,7330932.0,0.006564
2023-11-22,DIS,26403,95.07,7330932.0,0.006564
2023-11-22,DIS,26403,95.07,7330932.0,0.006564
2023-11-22,DIS,26403,95.07,7330932.0,0.006564
2023-11-22,DIS,26403,95.07,7330932.0,0.006564
2023-11-22,DIS,26403,95.07,7330932.0,0.006564
2023-11-22,DIS,26403,95.07,7330932.0,0.006564
2023-11-22,DIS,26403,95.07,7330932.0,0.006564
2023-11-24,DIS,26403,96.06,5440468.0,0.010413
2023-11-24,DIS,26403,96.06,5440468.0,0.010413
2023-11-24,DIS,26403,96.06,5440468.0,0.010413
2023-11-24,DIS,26403,96.06,5440468.0,0.010413
2023-11-24,DIS,26403,96.06,5440468.0,0.010413
2023-11-24,DIS,26403,96.06,5440468.0,0.010413
2023-11-24,DIS,26403,96.06,5440468.0,0.010413
2023-11-24,DIS,26403,96.06,5440468.0,0.010413
2023-11-24,DIS,26403,96.06,5440468.0,0.010413
2023-11-27,DIS,26403,95.17,11049470.0,-0.009265
2023-11-27,DIS,26403,95.17,11049470.0,-0.009265
2023-11-27,DIS,26403,95.17,11049470.0,-0.009265
2023-11-27,DIS,26403,95.17,11049470.0,-0.009265
2023-11-27,DIS,26403,95.17,11049470.0,-0.009265
2023-11-27,DIS,26403,95.17,11049470.0,-0.009265
2023-11-27,DIS,26403,95.17,11049470.0,-0.009265
2023-11-27,DIS,26403,95.17,11049470.0,-0.009265
2023-11-27,DIS,26403,95.17,11049470.0,-0.009265
2023-11-28,DIS,26403,92.5,18660305.0,-0.028055
2023-11-28,DIS,26403,92.5,18660305.0,-0.028055
2023-11-28,DIS,26403,92.5,18660305.0,-0.028055
2023-11-28,DIS,26403,92.5,18660305.0,-0.028055
2023-11-28,DIS,26403,92.5,18660305.0,-0.028055
2023-11-28,DIS,26403,92.5,18660305.0,-0.028055
2023-11-28,DIS,26403,92.5,18660305.0,-0.028055
2023-11-28,DIS,26403,92.5,18660305.0,-0.028055
2023-11-28,DIS,26403,92.5,18660305.0,-0.028055
2023-11-29,DIS,26403,92.5,13857038.0,0.0
2023-11-29,DIS,26403,92.5,13857038.0,0.0
2023-11-29,DIS,26403,92.5,13857038.0,0.0
2023-11-29,DIS,26403,92.5,13857038.0,0.0
2023-11-29,DIS,26403,92.5,13857038.0,0.0
2023-11-29,DIS,26403,92.5,13857038.0,0.0
2023-11-29,DIS,26403,92.5,13857038.0,0.0
2023-11-29,DIS,26403,92.5,13857038.0,0.0
2023-11-29,DIS,26403,92.5,13857038.0,0.0
2023-11-30,DIS,26403,92.69,13396699.0,0.002054
2023-11-30,DIS,26403,92.69,13396699.0,0.002054
2023-11-30,DIS,26403,92.69,13396699.0,0.002054
2023-11-30,DIS,26403,92.69,13396699.0,0.002054
2023-11-30,DIS,26403,92.69,13396699.0,0.002054
2023-11-30,DIS,26403,92.69,13396699.0,0.002054
2023-11-30,DIS,26403,92.69,13396699.0,0.002054
2023-11-30,DIS,26403,92.69,13396699.0,0.002054
2023-11-30,DIS,26403,92.69,13396699.0,0.002054
2023-12-01,DIS,26403,92.58,11898169.0,-0.001187
2023-12-01,DIS,26403,92.58,11898169.0,-0.001187
2023-12-01,DIS,26403,92.58,11898169.0,-0.001187
2023-12-01,DIS,26403,92.58,11898169.0,-0.001187
2023-12-01,DIS,26403,92.58,11898169.0,-0.001187
2023-12-01,DIS,26403,92.58,11898169.0,-0.001187
2023-12-01,DIS,26403,92.58,11898169.0,-0.001187
2023-12-01,DIS,26403,92.58,11898169.0,-0.001187
2023-12-01,DIS,26403,92.58,11898169.0,-0.001187
2023-12-04,DIS,26403,92.01,12602805.0,-0.006157
2023-12-04,DIS,26403,92.01,12602805.0,-0.006157
2023-12-04,DIS,26403,92.01,12602805.0,-0.006157
2023-12-04,DIS,26403,92.01,12602805.0,-0.006157
2023-12-04,DIS,26403,92.01,12602805.0,-0.006157
2023-12-04,DIS,26403,92.01,12602805.0,-0.006157
2023-12-04,DIS,26403,92.01,12602805.0,-0.006157
2023-12-04,DIS,26403,92.01,12602805.0,-0.006157
2023-12-04,DIS,26403,92.01,12602805.0,-0.006157
2023-12-05,DIS,26403,90.79,12356988.0,-0.013259
2023-12-05,DIS,26403,90.79,12356988.0,-0.013259
2023-12-05,DIS,26403,90.79,12356988.0,-0.013259
2023-12-05,DIS,26403,90.79,12356988.0,-0.013259
2023-12-05,DIS,26403,90.79,12356988.0,-0.013259
2023-12-05,DIS,26403,90.79,12356988.0,-0.013259
2023-12-05,DIS,26403,90.79,12356988.0,-0.013259
2023-12-05,DIS,26403,90.79,12356988.0,-0.013259
2023-12-05,DIS,26403,90.79,12356988.0,-0.013259
2023-12-06,DIS,26403,91.5,10462040.0,0.00782
2023-12-06,DIS,26403,91.5,10462040.0,0.00782
2023-12-06,DIS,26403,91.5,10462040.0,0.00782
2023-12-06,DIS,26403,91.5,10462040.0,0.00782
2023-12-06,DIS,26403,91.5,10462040.0,0.00782
2023-12-06,DIS,26403,91.5,10462040.0,0.00782
2023-12-06,DIS,26403,91.5,10462040.0,0.00782
2023-12-06,DIS,26403,91.5,10462040.0,0.00782
2023-12-06,DIS,26403,91.5,10462040.0,0.00782
2023-12-07,DIS,26403,92.35,10264684.0,0.00929
2023-12-07,DIS,26403,92.35,10264684.0,0.00929
2023-12-07,DIS,26403,92.35,10264684.0,0.00929
2023-12-07,DIS,26403,92.35,10264684.0,0.00929
2023-12-07,DIS,26403,92.35,10264684.0,0.00929
2023-12-07,DIS,26403,92.35,10264684.0,0.00929
2023-12-07,DIS,26403,92.35,10264684.0,0.00929
2023-12-07,DIS,26403,92.35,10264684.0,0.00929
2023-12-07,DIS,26403,92.35,10264684.0,0.00929
2023-12-08,DIS,26403,92.82,9498155.0,0.008338
2023-12-08,DIS,26403,92.82,9498155.0,0.008338
2023-12-08,DIS,26403,92.82,9498155.0,0.008338
2023-12-08,DIS,26403,92.82,9498155.0,0.008338
2023-12-08,DIS,26403,92.82,9498155.0,0.008338
2023-12-08,DIS,26403,92.82,9498155.0,0.008338
2023-12-08,DIS,26403,92.82,9498155.0,0.008338
2023-12-08,DIS,26403,92.82,9498155.0,0.008338
2023-12-08,DIS,26403,92.82,9498155.0,0.008338
2023-12-11,DIS,26403,92.2,10810961.0,-0.00668
2023-12-11,DIS,26403,92.2,10810961.0,-0.00668
2023-12-11,DIS,26403,92.2,10810961.0,-0.00668
2023-12-11,DIS,26403,92.2,10810961.0,-0.00668
2023-12-11,DIS,26403,92.2,10810961.0,-0.00668
2023-12-11,DIS,26403,92.2,10810961.0,-0.00668
2023-12-11,DIS,26403,92.2,10810961.0,-0.00668
2023-12-11,DIS,26403,92.2,10810961.0,-0.00668
2023-12-11,DIS,26403,92.2,10810961.0,-0.00668
2023-12-12,DIS,26403,91.07,13218428.0,-0.012256
2023-12-12,DIS,26403,91.07,13218428.0,-0.012256
2023-12-12,DIS,26403,91.07,13218428.0,-0.012256
2023-12-12,DIS,26403,91.07,13218428.0,-0.012256
2023-12-12,DIS,26403,91.07,13218428.0,-0.012256
2023-12-12,DIS,26403,91.07,13218428.0,-0.012256
2023-12-12,DIS,26403,91.07,13218428.0,-0.012256
2023-12-12,DIS,26403,91.07,13218428.0,-0.012256
2023-12-12,DIS,26403,91.07,13218428.0,-0.012256
2023-12-13,DIS,26403,92.83,10173236.0,0.019326
2023-12-13,DIS,26403,92.83,10173236.0,0.019326
2023-12-13,DIS,26403,92.83,10173236.0,0.019326
2023-12-13,DIS,26403,92.83,10173236.0,0.019326
2023-12-13,DIS,26403,92.83,10173236.0,0.019326
2023-12-13,DIS,26403,92.83,10173236.0,0.019326
2023-12-13,DIS,26403,92.83,10173236.0,0.019326
2023-12-13,DIS,26403,92.83,10173236.0,0.019326
2023-12-13,DIS,26403,92.83,10173236.0,0.019326
2023-12-14,DIS,26403,93.94,12439334.0,0.011957
2023-12-14,DIS,26403,93.94,12439334.0,0.011957
2023-12-14,DIS,26403,93.94,12439334.0,0.011957
2023-12-14,DIS,26403,93.94,12439334.0,0.011957
2023-12-14,DIS,26403,93.94,12439334.0,0.011957
2023-12-14,DIS,26403,93.94,12439334.0,0.011957
2023-12-14,DIS,26403,93.94,12439334.0,0.011957
2023-12-14,DIS,26403,93.94,12439334.0,0.011957
2023-12-14,DIS,26403,93.94,12439334.0,0.011957
2023-12-15,DIS,26403,93.46,17551598.0,-0.00511
2023-12-15,DIS,26403,93.46,17551598.0,-0.00511
2023-12-15,DIS,26403,93.46,17551598.0,-0.00511
2023-12-15,DIS,26403,93.46,17551598.0,-0.00511
2023-12-15,DIS,26403,93.46,17551598.0,-0.00511
2023-12-15,DIS,26403,93.46,17551598.0,-0.00511
2023-12-15,DIS,26403,93.46,17551598.0,-0.00511
2023-12-15,DIS,26403,93.46,17551598.0,-0.00511
2023-12-15,DIS,26403,93.46,17551598.0,-0.00511
2023-12-18,DIS,26403,92.86,9083570.0,-0.00642
2023-12-18,DIS,26403,92.86,9083570.0,-0.00642
2023-12-18,DIS,26403,92.86,9083570.0,-0.00642
2023-12-18,DIS,26403,92.86,9083570.0,-0.00642
2023-12-18,DIS,26403,92.86,9083570.0,-0.00642
2023-12-18,DIS,26403,92.86,9083570.0,-0.00642
2023-12-18,DIS,26403,92.86,9083570.0,-0.00642
2023-12-18,DIS,26403,92.86,9083570.0,-0.00642
2023-12-18,DIS,26403,92.86,9083570.0,-0.00642
2023-12-19,DIS,26403,93.93,8803962.0,0.011523
2023-12-19,DIS,26403,93.93,8803962.0,0.011523
2023-12-19,DIS,26403,93.93,8803962.0,0.011523
2023-12-19,DIS,26403,93.93,8803962.0,0.011523
2023-12-19,DIS,26403,93.93,8803962.0,0.011523
2023-12-19,DIS,26403,93.93,8803962.0,0.011523
2023-12-19,DIS,26403,93.93,8803962.0,0.011523
2023-12-19,DIS,26403,93.93,8803962.0,0.011523
2023-12-19,DIS,26403,93.93,8803962.0,0.011523
2023-12-20,DIS,26403,91.27,13060571.0,-0.028319
2023-12-20,DIS,26403,91.27,13060571.0,-0.028319
2023-12-20,DIS,26403,91.27,13060571.0,-0.028319
2023-12-20,DIS,26403,91.27,13060571.0,-0.028319
2023-12-20,DIS,26403,91.27,13060571.0,-0.028319
2023-12-20,DIS,26403,91.27,13060571.0,-0.028319
2023-12-20,DIS,26403,91.27,13060571.0,-0.028319
2023-12-20,DIS,26403,91.27,13060571.0,-0.028319
2023-12-20,DIS,26403,91.27,13060571.0,-0.028319
2023-12-21,DIS,26403,92.02,13037178.0,0.008217
2023-12-21,DIS,26403,92.02,13037178.0,0.008217
2023-12-21,DIS,26403,92.02,13037178.0,0.008217
2023-12-21,DIS,26403,92.02,13037178.0,0.008217
2023-12-21,DIS,26403,92.02,13037178.0,0.008217
2023-12-21,DIS,26403,92.02,13037178.0,0.008217
2023-12-21,DIS,26403,92.02,13037178.0,0.008217
2023-12-21,DIS,26403,92.02,13037178.0,0.008217
2023-12-21,DIS,26403,92.02,13037178.0,0.008217
2023-12-22,DIS,26403,91.02,9419816.0,-0.010867
2023-12-22,DIS,26403,91.02,9419816.0,-0.010867
2023-12-22,DIS,26403,91.02,9419816.0,-0.010867
2023-12-22,DIS,26403,91.02,9419816.0,-0.010867
2023-12-22,DIS,26403,91.02,9419816.0,-0.010867
2023-12-22,DIS,26403,91.02,9419816.0,-0.010867
2023-12-22,DIS,26403,91.02,9419816.0,-0.010867
2023-12-22,DIS,26403,91.02,9419816.0,-0.010867
2023-12-22,DIS,26403,91.02,9419816.0,-0.010867
2023-12-26,DIS,26403,90.95,8086935.0,-0.000769
2023-12-26,DIS,26403,90.95,8086935.0,-0.000769
2023-12-26,DIS,26403,90.95,8086935.0,-0.000769
2023-12-26,DIS,26403,90.95,8086935.0,-0.000769
2023-12-26,DIS,26403,90.95,8086935.0,-0.000769
2023-12-26,DIS,26403,90.95,8086935.0,-0.000769
2023-12-26,DIS,26403,90.95,8086935.0,-0.000769
2023-12-26,DIS,26403,90.95,8086935.0,-0.000769
2023-12-26,DIS,26403,90.95,8086935.0,-0.000769
2023-12-27,DIS,26403,90.38,11123508.0,-0.006267
2023-12-27,DIS,26403,90.38,11123508.0,-0.006267
2023-12-27,DIS,26403,90.38,11123508.0,-0.006267
2023-12-27,DIS,26403,90.38,11123508.0,-0.006267
2023-12-27,DIS,26403,90.38,11123508.0,-0.006267
2023-12-27,DIS,26403,90.38,11123508.0,-0.006267
2023-12-27,DIS,26403,90.38,11123508.0,-0.006267
2023-12-27,DIS,26403,90.38,11123508.0,-0.006267
2023-12-27,DIS,26403,90.38,11123508.0,-0.006267
2023-12-28,DIS,26403,90.4,8479648.0,0.000221
2023-12-28,DIS,26403,90.4,8479648.0,0.000221
2023-12-28,DIS,26403,90.4,8479648.0,0.000221
2023-12-28,DIS,26403,90.4,8479648.0,0.000221
2023-12-28,DIS,26403,90.4,8479648.0,0.000221
2023-12-28,DIS,26403,90.4,8479648.0,0.000221
2023-12-28,DIS,26403,90.4,8479648.0,0.000221
2023-12-28,DIS,26403,90.4,8479648.0,0.000221
2023-12-28,DIS,26403,90.4,8479648.0,0.000221
2023-12-29,DIS,26403,90.29,9210954.0,-0.001217
2023-12-29,DIS,26403,90.29,9210954.0,-0.001217
2023-12-29,DIS,26403,90.29,9210954.0,-0.001217
2023-12-29,DIS,26403,90.29,9210954.0,-0.001217
2023-12-29,DIS,26403,90.29,9210954.0,-0.001217
2023-12-29,DIS,26403,90.29,9210954.0,-0.001217
2023-12-29,DIS,26403,90.29,9210954.0,-0.001217
2023-12-29,DIS,26403,90.29,9210954.0,-0.001217
2023-12-29,DIS,26403,90.29,9210954.0,-0.001217
2024-01-02,DIS,26403,90.71,10587634.0,0.004652
2024-01-02,DIS,26403,90.71,10587634.0,0.004652
2024-01-02,DIS,26403,90.71,10587634.0,0.004652
2024-01-02,DIS,26403,90.71,10587634.0,0.004652
2024-01-02,DIS,26403,90.71,10587634.0,0.004652
2024-01-02,DIS,26403,90.71,10587634.0,0.004652
2024-01-02,DIS,26403,90.71,10587634.0,0.004652
2024-01-02,DIS,26403,90.71,10587634.0,0.004652
2024-01-02,DIS,26403,90.71,10587634.0,0.004652
2024-01-03,DIS,26403,91.65,11929768.0,0.010363
2024-01-03,DIS,26403,91.65,11929768.0,0.010363
2024-01-03,DIS,26403,91.65,11929768.0,0.010363
2024-01-03,DIS,26403,91.65,11929768.0,0.010363
2024-01-03,DIS,26403,91.65,11929768.0,0.010363
2024-01-03,DIS,26403,91.65,11929768.0,0.010363
2024-01-03,DIS,26403,91.65,11929768.0,0.010363
2024-01-03,DIS,26403,91.65,11929768.0,0.010363
2024-01-03,DIS,26403,91.65,11929768.0,0.010363
2024-01-04,DIS,26403,90.56,12087430.0,-0.011893
2024-01-04,DIS,26403,90.56,12087430.0,-0.011893
2024-01-04,DIS,26403,90.56,12087430.0,-0.011893
2024-01-04,DIS,26403,90.56,12087430.0,-0.011893
2024-01-04,DIS,26403,90.56,12087430.0,-0.011893
2024-01-04,DIS,26403,90.56,12087430.0,-0.011893
2024-01-04,DIS,26403,90.56,12087430.0,-0.011893
2024-01-04,DIS,26403,90.56,12087430.0,-0.011893
2024-01-04,DIS,26403,90.56,12087430.0,-0.011893
2024-01-05,DIS,26403,90.9,9092069.0,0.003754
2024-01-05,DIS,26403,90.9,9092069.0,0.003754
2024-01-05,DIS,26403,90.9,9092069.0,0.003754
2024-01-05,DIS,26403,90.9,9092069.0,0.003754
2024-01-05,DIS,26403,90.9,9092069.0,0.003754
2024-01-05,DIS,26403,90.9,9092069.0,0.003754
2024-01-05,DIS,26403,90.9,9092069.0,0.003754
2024-01-05,DIS,26403,90.9,9092069.0,0.003754
2024-01-05,DIS,26403,90.9,9092069.0,0.003754
2024-01-08,DIS,26403,91.55,11103717.0,0.007151
2024-01-08,DIS,26403,91.55,11103717.0,0.007151
2024-01-08,DIS,26403,91.55,11103717.0,0.007151
2024-01-08,DIS,26403,91.55,11103717.0,0.007151
2024-01-08,DIS,26403,91.55,11103717.0,0.007151
2024-01-08,DIS,26403,91.55,11103717.0,0.007151
2024-01-08,DIS,26403,91.55,11103717.0,0.007151
2024-01-08,DIS,26403,91.55,11103717.0,0.007151
2024-01-08,DIS,26403,91.55,11103717.0,0.007151
2024-01-09,DIS,26403,89.67,11255050.0,-0.020535
2024-01-09,DIS,26403,89.67,11255050.0,-0.020535
2024-01-09,DIS,26403,89.67,11255050.0,-0.020535
2024-01-09,DIS,26403,89.67,11255050.0,-0.020535
2024-01-09,DIS,26403,89.67,11255050.0,-0.020535
2024-01-09,DIS,26403,89.67,11255050.0,-0.020535
2024-01-09,DIS,26403,89.67,11255050.0,-0.020535
2024-01-09,DIS,26403,89.67,11255050.0,-0.020535
2024-01-09,DIS,26403,89.67,11255050.0,-0.020535
2024-01-10,DIS,26403,89.29,15091574.0,-0.004238
2024-01-10,DIS,26403,89.29,15091574.0,-0.004238
2024-01-10,DIS,26403,89.29,15091574.0,-0.004238
2024-01-10,DIS,26403,89.29,15091574.0,-0.004238
2024-01-10,DIS,26403,89.29,15091574.0,-0.004238
2024-01-10,DIS,26403,89.29,15091574.0,-0.004238
2024-01-10,DIS,26403,89.29,15091574.0,-0.004238
2024-01-10,DIS,26403,89.29,15091574.0,-0.004238
2024-01-10,DIS,26403,89.29,15091574.0,-0.004238
2024-01-11,DIS,26403,89.45,9642176.0,0.001792
2024-01-11,DIS,26403,89.45,9642176.0,0.001792
2024-01-11,DIS,26403,89.45,9642176.0,0.001792
2024-01-11,DIS,26403,89.45,9642176.0,0.001792
2024-01-11,DIS,26403,89.45,9642176.0,0.001792
2024-01-11,DIS,26403,89.45,9642176.0,0.001792
2024-01-11,DIS,26403,89.45,9642176.0,0.001792
2024-01-11,DIS,26403,89.45,9642176.0,0.001792
2024-01-11,DIS,26403,89.45,9642176.0,0.001792
2024-01-12,DIS,26403,90.35,11919448.0,0.010062
2024-01-12,DIS,26403,90.35,11919448.0,0.010062
2024-01-12,DIS,26403,90.35,11919448.0,0.010062
2024-01-12,DIS,26403,90.35,11919448.0,0.010062
2024-01-12,DIS,26403,90.35,11919448.0,0.010062
2024-01-12,DIS,26403,90.35,11919448.0,0.010062
2024-01-12,DIS,26403,90.35,11919448.0,0.010062
2024-01-12,DIS,26403,90.35,11919448.0,0.010062
2024-01-12,DIS,26403,90.35,11919448.0,0.010062
2024-01-16,DIS,26403,93.05,16780869.0,0.029884
2024-01-16,DIS,26403,93.05,16780869.0,0.029884
2024-01-16,DIS,26403,93.05,16780869.0,0.029884
2024-01-16,DIS,26403,93.05,16780869.0,0.029884
2024-01-16,DIS,26403,93.05,16780869.0,0.029884
2024-01-16,DIS,26403,93.05,16780869.0,0.029884
2024-01-16,DIS,26403,93.05,16780869.0,0.029884
2024-01-16,DIS,26403,93.05,16780869.0,0.029884
2024-01-16,DIS,26403,93.05,16780869.0,0.029884
2024-01-17,DIS,26403,90.34,15735217.0,-0.029124
2024-01-17,DIS,26403,90.34,15735217.0,-0.029124
2024-01-17,DIS,26403,90.34,15735217.0,-0.029124
2024-01-17,DIS,26403,90.34,15735217.0,-0.029124
2024-01-17,DIS,26403,90.34,15735217.0,-0.029124
2024-01-17,DIS,26403,90.34,15735217.0,-0.029124
2024-01-17,DIS,26403,90.34,15735217.0,-0.029124
2024-01-17,DIS,26403,90.34,15735217.0,-0.029124
2024-01-17,DIS,26403,90.34,15735217.0,-0.029124
2024-01-18,DIS,26403,92.21,12203197.0,0.0207
2024-01-18,DIS,26403,92.21,12203197.0,0.0207
2024-01-18,DIS,26403,92.21,12203197.0,0.0207
2024-01-18,DIS,26403,92.21,12203197.0,0.0207
2024-01-18,DIS,26403,92.21,12203197.0,0.0207
2024-01-18,DIS,26403,92.21,12203197.0,0.0207
2024-01-18,DIS,26403,92.21,12203197.0,0.0207
2024-01-18,DIS,26403,92.21,12203197.0,0.0207
2024-01-18,DIS,26403,92.21,12203197.0,0.0207
2024-01-19,DIS,26403,93.06,19790081.0,0.009218
2024-01-19,DIS,26403,93.06,19790081.0,0.009218
2024-01-19,DIS,26403,93.06,19790081.0,0.009218
2024-01-19,DIS,26403,93.06,19790081.0,0.009218
2024-01-19,DIS,26403,93.06,19790081.0,0.009218
2024-01-19,DIS,26403,93.06,19790081.0,0.009218
2024-01-19,DIS,26403,93.06,19790081.0,0.009218
2024-01-19,DIS,26403,93.06,19790081.0,0.009218
2024-01-19,DIS,26403,93.06,19790081.0,0.009218
2024-01-22,DIS,26403,95.08,15119379.0,0.021707
2024-01-22,DIS,26403,95.08,15119379.0,0.021707
2024-01-22,DIS,26403,95.08,15119379.0,0.021707
2024-01-22,DIS,26403,95.08,15119379.0,0.021707
2024-01-22,DIS,26403,95.08,15119379.0,0.021707
2024-01-22,DIS,26403,95.08,15119379.0,0.021707
2024-01-22,DIS,26403,95.08,15119379.0,0.021707
2024-01-22,DIS,26403,95.08,15119379.0,0.021707
2024-01-22,DIS,26403,95.08,15119379.0,0.021707
2024-01-23,DIS,26403,93.77,11559411.0,-0.013778
2024-01-23,DIS,26403,93.77,11559411.0,-0.013778
2024-01-23,DIS,26403,93.77,11559411.0,-0.013778
2024-01-23,DIS,26403,93.77,11559411.0,-0.013778
2024-01-23,DIS,26403,93.77,11559411.0,-0.013778
2024-01-23,DIS,26403,93.77,11559411.0,-0.013778
2024-01-23,DIS,26403,93.77,11559411.0,-0.013778
2024-01-23,DIS,26403,93.77,11559411.0,-0.013778
2024-01-23,DIS,26403,93.77,11559411.0,-0.013778
2024-01-24,DIS,26403,93.5,10454904.0,-0.002879
2024-01-24,DIS,26403,93.5,10454904.0,-0.002879
2024-01-24,DIS,26403,93.5,10454904.0,-0.002879
2024-01-24,DIS,26403,93.5,10454904.0,-0.002879
2024-01-24,DIS,26403,93.5,10454904.0,-0.002879
2024-01-24,DIS,26403,93.5,10454904.0,-0.002879
2024-01-24,DIS,26403,93.5,10454904.0,-0.002879
2024-01-24,DIS,26403,93.5,10454904.0,-0.002879
2024-01-24,DIS,26403,93.5,10454904.0,-0.002879
2024-01-25,DIS,26403,94.86,8661572.0,0.014546
2024-01-25,DIS,26403,94.86,8661572.0,0.014546
2024-01-25,DIS,26403,94.86,8661572.0,0.014546
2024-01-25,DIS,26403,94.86,8661572.0,0.014546
2024-01-25,DIS,26403,94.86,8661572.0,0.014546
2024-01-25,DIS,26403,94.86,8661572.0,0.014546
2024-01-25,DIS,26403,94.86,8661572.0,0.014546
2024-01-25,DIS,26403,94.86,8661572.0,0.014546
2024-01-25,DIS,26403,94.86,8661572.0,0.014546
2024-01-26,DIS,26403,95.36,7812755.0,0.005271
2024-01-26,DIS,26403,95.36,7812755.0,0.005271
2024-01-26,DIS,26403,95.36,7812755.0,0.005271
2024-01-26,DIS,26403,95.36,7812755.0,0.005271
2024-01-26,DIS,26403,95.36,7812755.0,0.005271
2024-01-26,DIS,26403,95.36,7812755.0,0.005271
2024-01-26,DIS,26403,95.36,7812755.0,0.005271
2024-01-26,DIS,26403,95.36,7812755.0,0.005271
2024-01-26,DIS,26403,95.36,7812755.0,0.005271
2024-01-29,DIS,26403,97.49,13422221.0,0.022336
2024-01-29,DIS,26403,97.49,13422221.0,0.022336
2024-01-29,DIS,26403,97.49,13422221.0,0.022336
2024-01-29,DIS,26403,97.49,13422221.0,0.022336
2024-01-29,DIS,26403,97.49,13422221.0,0.022336
2024-01-29,DIS,26403,97.49,13422221.0,0.022336
2024-01-29,DIS,26403,97.49,13422221.0,0.022336
2024-01-29,DIS,26403,97.49,13422221.0,0.022336
2024-01-29,DIS,26403,97.49,13422221.0,0.022336
2024-01-30,DIS,26403,96.94,9139614.0,-0.005642
2024-01-30,DIS,26403,96.94,9139614.0,-0.005642
2024-01-30,DIS,26403,96.94,9139614.0,-0.005642
2024-01-30,DIS,26403,96.94,9139614.0,-0.005642
2024-01-30,DIS,26403,96.94,9139614.0,-0.005642
2024-01-30,DIS,26403,96.94,9139614.0,-0.005642
2024-01-30,DIS,26403,96.94,9139614.0,-0.005642
2024-01-30,DIS,26403,96.94,9139614.0,-0.005642
2024-01-30,DIS,26403,96.94,9139614.0,-0.005642
2024-01-31,DIS,26403,96.05,9592304.0,-0.009181
2024-01-31,DIS,26403,96.05,9592304.0,-0.009181
2024-01-31,DIS,26403,96.05,9592304.0,-0.009181
2024-01-31,DIS,26403,96.05,9592304.0,-0.009181
2024-01-31,DIS,26403,96.05,9592304.0,-0.009181
2024-01-31,DIS,26403,96.05,9592304.0,-0.009181
2024-01-31,DIS,26403,96.05,9592304.0,-0.009181
2024-01-31,DIS,26403,96.05,9592304.0,-0.009181
2024-01-31,DIS,26403,96.05,9592304.0,-0.009181
2024-02-01,DIS,26403,97.06,8484801.0,0.010515
2024-02-01,DIS,26403,97.06,8484801.0,0.010515
2024-02-01,DIS,26403,97.06,8484801.0,0.010515
2024-02-01,DIS,26403,97.06,8484801.0,0.010515
2024-02-01,DIS,26403,97.06,8484801.0,0.010515
2024-02-01,DIS,26403,97.06,8484801.0,0.010515
2024-02-01,DIS,26403,97.06,8484801.0,0.010515
2024-02-01,DIS,26403,97.06,8484801.0,0.010515
2024-02-01,DIS,26403,97.06,8484801.0,0.010515
2024-02-02,DIS,26403,97.13,9321343.0,0.000721
2024-02-02,DIS,26403,97.13,9321343.0,0.000721
2024-02-02,DIS,26403,97.13,9321343.0,0.000721
2024-02-02,DIS,26403,97.13,9321343.0,0.000721
2024-02-02,DIS,26403,97.13,9321343.0,0.000721
2024-02-02,DIS,26403,97.13,9321343.0,0.000721
2024-02-02,DIS,26403,97.13,9321343.0,0.000721
2024-02-02,DIS,26403,97.13,9321343.0,0.000721
2024-02-02,DIS,26403,97.13,9321343.0,0.000721
2024-02-05,DIS,26403,96.65,11679341.0,-0.004942
2024-02-05,DIS,26403,96.65,11679341.0,-0.004942
2024-02-05,DIS,26403,96.65,11679341.0,-0.004942
2024-02-05,DIS,26403,96.65,11679341.0,-0.004942
2024-02-05,DIS,26403,96.65,11679341.0,-0.004942
2024-02-05,DIS,26403,96.65,11679341.0,-0.004942
2024-02-05,DIS,26403,96.65,11679341.0,-0.004942
2024-02-05,DIS,26403,96.65,11679341.0,-0.004942
2024-02-05,DIS,26403,96.65,11679341.0,-0.004942
2024-02-06,DIS,26403,99.29,16498476.0,0.027315
2024-02-06,DIS,26403,99.29,16498476.0,0.027315
2024-02-06,DIS,26403,99.29,16498476.0,0.027315
2024-02-06,DIS,26403,99.29,16498476.0,0.027315
2024-02-06,DIS,26403,99.29,16498476.0,0.027315
2024-02-06,DIS,26403,99.29,16498476.0,0.027315
2024-02-06,DIS,26403,99.29,16498476.0,0.027315
2024-02-06,DIS,26403,99.29,16498476.0,0.027315
2024-02-06,DIS,26403,99.29,16498476.0,0.027315
2024-02-07,DIS,26403,99.14,28886282.0,-0.001511
2024-02-07,DIS,26403,99.14,28886282.0,-0.001511
2024-02-07,DIS,26403,99.14,28886282.0,-0.001511
2024-02-07,DIS,26403,99.14,28886282.0,-0.001511
2024-02-07,DIS,26403,99.14,28886282.0,-0.001511
2024-02-07,DIS,26403,99.14,28886282.0,-0.001511
2024-02-07,DIS,26403,99.14,28886282.0,-0.001511
2024-02-07,DIS,26403,99.14,28886282.0,-0.001511
2024-02-07,DIS,26403,99.14,28886282.0,-0.001511
2024-02-08,DIS,26403,110.54,60558410.0,0.114989
2024-02-08,DIS,26403,110.54,60558410.0,0.114989
2024-02-08,DIS,26403,110.54,60558410.0,0.114989
2024-02-08,DIS,26403,110.54,60558410.0,0.114989
2024-02-08,DIS,26403,110.54,60558410.0,0.114989
2024-02-08,DIS,26403,110.54,60558410.0,0.114989
2024-02-08,DIS,26403,110.54,60558410.0,0.114989
2024-02-08,DIS,26403,110.54,60558410.0,0.114989
2024-02-08,DIS,26403,110.54,60558410.0,0.114989
2024-02-09,DIS,26403,108.39,21509086.0,-0.01945
2024-02-09,DIS,26403,108.39,21509086.0,-0.01945
2024-02-09,DIS,26403,108.39,21509086.0,-0.01945
2024-02-09,DIS,26403,108.39,21509086.0,-0.01945
2024-02-09,DIS,26403,108.39,21509086.0,-0.01945
2024-02-09,DIS,26403,108.39,21509086.0,-0.01945
2024-02-09,DIS,26403,108.39,21509086.0,-0.01945
2024-02-09,DIS,26403,108.39,21509086.0,-0.01945
2024-02-09,DIS,26403,108.39,21509086.0,-0.01945
2024-02-12,DIS,26403,109.29,13423955.0,0.008303
2024-02-12,DIS,26403,109.29,13423955.0,0.008303
2024-02-12,DIS,26403,109.29,13423955.0,0.008303
2024-02-12,DIS,26403,109.29,13423955.0,0.008303
2024-02-12,DIS,26403,109.29,13423955.0,0.008303
2024-02-12,DIS,26403,109.29,13423955.0,0.008303
2024-02-12,DIS,26403,109.29,13423955.0,0.008303
2024-02-12,DIS,26403,109.29,13423955.0,0.008303
2024-02-12,DIS,26403,109.29,13423955.0,0.008303
2024-02-13,DIS,26403,110.46,14594483.0,0.010705
2024-02-13,DIS,26403,110.46,14594483.0,0.010705
2024-02-13,DIS,26403,110.46,14594483.0,0.010705
2024-02-13,DIS,26403,110.46,14594483.0,0.010705
2024-02-13,DIS,26403,110.46,14594483.0,0.010705
2024-02-13,DIS,26403,110.46,14594483.0,0.010705
2024-02-13,DIS,26403,110.46,14594483.0,0.010705
2024-02-13,DIS,26403,110.46,14594483.0,0.010705
2024-02-13,DIS,26403,110.46,14594483.0,0.010705
2024-02-14,DIS,26403,111.56,11405491.0,0.009958
2024-02-14,DIS,26403,111.56,11405491.0,0.009958
2024-02-14,DIS,26403,111.56,11405491.0,0.009958
2024-02-14,DIS,26403,111.56,11405491.0,0.009958
2024-02-14,DIS,26403,111.56,11405491.0,0.009958
2024-02-14,DIS,26403,111.56,11405491.0,0.009958
2024-02-14,DIS,26403,111.56,11405491.0,0.009958
2024-02-14,DIS,26403,111.56,11405491.0,0.009958
2024-02-14,DIS,26403,111.56,11405491.0,0.009958
2024-02-15,DIS,26403,112.45,9961907.0,0.007978
2024-02-15,DIS,26403,112.45,9961907.0,0.007978
2024-02-15,DIS,26403,112.45,9961907.0,0.007978
2024-02-15,DIS,26403,112.45,9961907.0,0.007978
2024-02-15,DIS,26403,112.45,9961907.0,0.007978
2024-02-15,DIS,26403,112.45,9961907.0,0.007978
2024-02-15,DIS,26403,112.45,9961907.0,0.007978
2024-02-15,DIS,26403,112.45,9961907.0,0.007978
2024-02-15,DIS,26403,112.45,9961907.0,0.007978
2024-02-16,DIS,26403,111.6,8782223.0,-0.007559
2024-02-16,DIS,26403,111.6,8782223.0,-0.007559
2024-02-16,DIS,26403,111.6,8782223.0,-0.007559
2024-02-16,DIS,26403,111.6,8782223.0,-0.007559
2024-02-16,DIS,26403,111.6,8782223.0,-0.007559
2024-02-16,DIS,26403,111.6,8782223.0,-0.007559
2024-02-16,DIS,26403,111.6,8782223.0,-0.007559
2024-02-16,DIS,26403,111.6,8782223.0,-0.007559
2024-02-16,DIS,26403,111.6,8782223.0,-0.007559
2024-02-20,DIS,26403,109.44,9770911.0,-0.019355
2024-02-20,DIS,26403,109.44,9770911.0,-0.019355
2024-02-20,DIS,26403,109.44,9770911.0,-0.019355
2024-02-20,DIS,26403,109.44,9770911.0,-0.019355
2024-02-20,DIS,26403,109.44,9770911.0,-0.019355
2024-02-20,DIS,26403,109.44,9770911.0,-0.019355
2024-02-20,DIS,26403,109.44,9770911.0,-0.019355
2024-02-20,DIS,26403,109.44,9770911.0,-0.019355
2024-02-20,DIS,26403,109.44,9770911.0,-0.019355
2024-02-21,DIS,26403,107.67,10454428.0,-0.016173
2024-02-21,DIS,26403,107.67,10454428.0,-0.016173
2024-02-21,DIS,26403,107.67,10454428.0,-0.016173
2024-02-21,DIS,26403,107.67,10454428.0,-0.016173
2024-02-21,DIS,26403,107.67,10454428.0,-0.016173
2024-02-21,DIS,26403,107.67,10454428.0,-0.016173
2024-02-21,DIS,26403,107.67,10454428.0,-0.016173
2024-02-21,DIS,26403,107.67,10454428.0,-0.016173
2024-02-21,DIS,26403,107.67,10454428.0,-0.016173
2024-02-22,DIS,26403,107.64,9266195.0,-0.000279
2024-02-22,DIS,26403,107.64,9266195.0,-0.000279
2024-02-22,DIS,26403,107.64,9266195.0,-0.000279
2024-02-22,DIS,26403,107.64,9266195.0,-0.000279
2024-02-22,DIS,26403,107.64,9266195.0,-0.000279
2024-02-22,DIS,26403,107.64,9266195.0,-0.000279
2024-02-22,DIS,26403,107.64,9266195.0,-0.000279
2024-02-22,DIS,26403,107.64,9266195.0,-0.000279
2024-02-22,DIS,26403,107.64,9266195.0,-0.000279
2024-02-23,DIS,26403,107.74,11723952.0,0.000929
2024-02-23,DIS,26403,107.74,11723952.0,0.000929
2024-02-23,DIS,26403,107.74,11723952.0,0.000929
2024-02-23,DIS,26403,107.74,11723952.0,0.000929
2024-02-23,DIS,26403,107.74,11723952.0,0.000929
2024-02-23,DIS,26403,107.74,11723952.0,0.000929
2024-02-23,DIS,26403,107.74,11723952.0,0.000929
2024-02-23,DIS,26403,107.74,11723952.0,0.000929
2024-02-23,DIS,26403,107.74,11723952.0,0.000929
2024-02-26,DIS,26403,107.68,8694150.0,-0.000557
2024-02-26,DIS,26403,107.68,8694150.0,-0.000557
2024-02-26,DIS,26403,107.68,8694150.0,-0.000557
2024-02-26,DIS,26403,107.68,8694150.0,-0.000557
2024-02-26,DIS,26403,107.68,8694150.0,-0.000557
2024-02-26,DIS,26403,107.68,8694150.0,-0.000557
2024-02-26,DIS,26403,107.68,8694150.0,-0.000557
2024-02-26,DIS,26403,107.68,8694150.0,-0.000557
2024-02-26,DIS,26403,107.68,8694150.0,-0.000557
2024-02-27,DIS,26403,109.42,7594956.0,0.016159
2024-02-27,DIS,26403,109.42,7594956.0,0.016159
2024-02-27,DIS,26403,109.42,7594956.0,0.016159
2024-02-27,DIS,26403,109.42,7594956.0,0.016159
2024-02-27,DIS,26403,109.42,7594956.0,0.016159
2024-02-27,DIS,26403,109.42,7594956.0,0.016159
2024-02-27,DIS,26403,109.42,7594956.0,0.016159
2024-02-27,DIS,26403,109.42,7594956.0,0.016159
2024-02-27,DIS,26403,109.42,7594956.0,0.016159
2024-02-28,DIS,26403,110.8,10773048.0,0.012612
2024-02-28,DIS,26403,110.8,10773048.0,0.012612
2024-02-28,DIS,26403,110.8,10773048.0,0.012612
2024-02-28,DIS,26403,110.8,10773048.0,0.012612
2024-02-28,DIS,26403,110.8,10773048.0,0.012612
2024-02-28,DIS,26403,110.8,10773048.0,0.012612
2024-02-28,DIS,26403,110.8,10773048.0,0.012612
2024-02-28,DIS,26403,110.8,10773048.0,0.012612
2024-02-28,DIS,26403,110.8,10773048.0,0.012612
2024-02-29,DIS,26403,111.58,11658288.0,0.00704
2024-02-29,DIS,26403,111.58,11658288.0,0.00704
2024-02-29,DIS,26403,111.58,11658288.0,0.00704
2024-02-29,DIS,26403,111.58,11658288.0,0.00704
2024-02-29,DIS,26403,111.58,11658288.0,0.00704
2024-02-29,DIS,26403,111.58,11658288.0,0.00704
2024-02-29,DIS,26403,111.58,11658288.0,0.00704
2024-02-29,DIS,26403,111.58,11658288.0,0.00704
2024-02-29,DIS,26403,111.58,11658288.0,0.00704
2024-03-01,DIS,26403,111.95,7242396.0,0.003316
2024-03-01,DIS,26403,111.95,7242396.0,0.003316
2024-03-01,DIS,26403,111.95,7242396.0,0.003316
2024-03-01,DIS,26403,111.95,7242396.0,0.003316
2024-03-01,DIS,26403,111.95,7242396.0,0.003316
2024-03-01,DIS,26403,111.95,7242396.0,0.003316
2024-03-01,DIS,26403,111.95,7242396.0,0.003316
2024-03-01,DIS,26403,111.95,7242396.0,0.003316
2024-03-01,DIS,26403,111.95,7242396.0,0.003316
2024-03-04,DIS,26403,113.69,11558852.0,0.015543
2024-03-04,DIS,26403,113.69,11558852.0,0.015543
2024-03-04,DIS,26403,113.69,11558852.0,0.015543
2024-03-04,DIS,26403,113.69,11558852.0,0.015543
2024-03-04,DIS,26403,113.69,11558852.0,0.015543
2024-03-04,DIS,26403,113.69,11558852.0,0.015543
2024-03-04,DIS,26403,113.69,11558852.0,0.015543
2024-03-04,DIS,26403,113.69,11558852.0,0.015543
2024-03-04,DIS,26403,113.69,11558852.0,0.015543
2024-03-05,DIS,26403,112.87,14929579.0,-0.007213
2024-03-05,DIS,26403,112.87,14929579.0,-0.007213
2024-03-05,DIS,26403,112.87,14929579.0,-0.007213
2024-03-05,DIS,26403,112.87,14929579.0,-0.007213
2024-03-05,DIS,26403,112.87,14929579.0,-0.007213
2024-03-05,DIS,26403,112.87,14929579.0,-0.007213
2024-03-05,DIS,26403,112.87,14929579.0,-0.007213
2024-03-05,DIS,26403,112.87,14929579.0,-0.007213
2024-03-05,DIS,26403,112.87,14929579.0,-0.007213
2024-03-06,DIS,26403,110.06,14743882.0,-0.024896
2024-03-06,DIS,26403,110.06,14743882.0,-0.024896
2024-03-06,DIS,26403,110.06,14743882.0,-0.024896
2024-03-06,DIS,26403,110.06,14743882.0,-0.024896
2024-03-06,DIS,26403,110.06,14743882.0,-0.024896
2024-03-06,DIS,26403,110.06,14743882.0,-0.024896
2024-03-06,DIS,26403,110.06,14743882.0,-0.024896
2024-03-06,DIS,26403,110.06,14743882.0,-0.024896
2024-03-06,DIS,26403,110.06,14743882.0,-0.024896
2024-03-07,DIS,26403,110.18,8609290.0,0.00109
2024-03-07,DIS,26403,110.18,8609290.0,0.00109
2024-03-07,DIS,26403,110.18,8609290.0,0.00109
2024-03-07,DIS,26403,110.18,8609290.0,0.00109
2024-03-07,DIS,26403,110.18,8609290.0,0.00109
2024-03-07,DIS,26403,110.18,8609290.0,0.00109
2024-03-07,DIS,26403,110.18,8609290.0,0.00109
2024-03-07,DIS,26403,110.18,8609290.0,0.00109
2024-03-07,DIS,26403,110.18,8609290.0,0.00109
2024-03-08,DIS,26403,110.32,10009185.0,0.001271
2024-03-08,DIS,26403,110.32,10009185.0,0.001271
2024-03-08,DIS,26403,110.32,10009185.0,0.001271
2024-03-08,DIS,26403,110.32,10009185.0,0.001271
2024-03-08,DIS,26403,110.32,10009185.0,0.001271
2024-03-08,DIS,26403,110.32,10009185.0,0.001271
2024-03-08,DIS,26403,110.32,10009185.0,0.001271
2024-03-08,DIS,26403,110.32,10009185.0,0.001271
2024-03-08,DIS,26403,110.32,10009185.0,0.001271
2024-03-11,DIS,26403,112.31,8794307.0,0.018038
2024-03-11,DIS,26403,112.31,8794307.0,0.018038
2024-03-11,DIS,26403,112.31,8794307.0,0.018038
2024-03-11,DIS,26403,112.31,8794307.0,0.018038
2024-03-11,DIS,26403,112.31,8794307.0,0.018038
2024-03-11,DIS,26403,112.31,8794307.0,0.018038
2024-03-11,DIS,26403,112.31,8794307.0,0.018038
2024-03-11,DIS,26403,112.31,8794307.0,0.018038
2024-03-11,DIS,26403,112.31,8794307.0,0.018038
2024-03-12,DIS,26403,112.46,8084958.0,0.001336
2024-03-12,DIS,26403,112.46,8084958.0,0.001336
2024-03-12,DIS,26403,112.46,8084958.0,0.001336
2024-03-12,DIS,26403,112.46,8084958.0,0.001336
2024-03-12,DIS,26403,112.46,8084958.0,0.001336
2024-03-12,DIS,26403,112.46,8084958.0,0.001336
2024-03-12,DIS,26403,112.46,8084958.0,0.001336
2024-03-12,DIS,26403,112.46,8084958.0,0.001336
2024-03-12,DIS,26403,112.46,8084958.0,0.001336
2024-03-13,DIS,26403,112.5,7267902.0,0.000356
2024-03-13,DIS,26403,112.5,7267902.0,0.000356
2024-03-13,DIS,26403,112.5,7267902.0,0.000356
2024-03-13,DIS,26403,112.5,7267902.0,0.000356
2024-03-13,DIS,26403,112.5,7267902.0,0.000356
2024-03-13,DIS,26403,112.5,7267902.0,0.000356
2024-03-13,DIS,26403,112.5,7267902.0,0.000356
2024-03-13,DIS,26403,112.5,7267902.0,0.000356
2024-03-13,DIS,26403,112.5,7267902.0,0.000356
2024-03-14,DIS,26403,112.06,10520462.0,-0.003911
2024-03-14,DIS,26403,112.06,10520462.0,-0.003911
2024-03-14,DIS,26403,112.06,10520462.0,-0.003911
2024-03-14,DIS,26403,112.06,10520462.0,-0.003911
2024-03-14,DIS,26403,112.06,10520462.0,-0.003911
2024-03-14,DIS,26403,112.06,10520462.0,-0.003911
2024-03-14,DIS,26403,112.06,10520462.0,-0.003911
2024-03-14,DIS,26403,112.06,10520462.0,-0.003911
2024-03-14,DIS,26403,112.06,10520462.0,-0.003911
2024-03-15,DIS,26403,111.95,15364181.0,-0.000982
2024-03-15,DIS,26403,111.95,15364181.0,-0.000982
2024-03-15,DIS,26403,111.95,15364181.0,-0.000982
2024-03-15,DIS,26403,111.95,15364181.0,-0.000982
2024-03-15,DIS,26403,111.95,15364181.0,-0.000982
2024-03-15,DIS,26403,111.95,15364181.0,-0.000982
2024-03-15,DIS,26403,111.95,15364181.0,-0.000982
2024-03-15,DIS,26403,111.95,15364181.0,-0.000982
2024-03-15,DIS,26403,111.95,15364181.0,-0.000982
2024-03-18,DIS,26403,113.85,11820763.0,0.016972
2024-03-18,DIS,26403,113.85,11820763.0,0.016972
2024-03-18,DIS,26403,113.85,11820763.0,0.016972
2024-03-18,DIS,26403,113.85,11820763.0,0.016972
2024-03-18,DIS,26403,113.85,11820763.0,0.016972
2024-03-18,DIS,26403,113.85,11820763.0,0.016972
2024-03-18,DIS,26403,113.85,11820763.0,0.016972
2024-03-18,DIS,26403,113.85,11820763.0,0.016972
2024-03-18,DIS,26403,113.85,11820763.0,0.016972
2024-03-19,DIS,26403,114.51,10999744.0,0.005797
2024-03-19,DIS,26403,114.51,10999744.0,0.005797
2024-03-19,DIS,26403,114.51,10999744.0,0.005797
2024-03-19,DIS,26403,114.51,10999744.0,0.005797
2024-03-19,DIS,26403,114.51,10999744.0,0.005797
2024-03-19,DIS,26403,114.51,10999744.0,0.005797
2024-03-19,DIS,26403,114.51,10999744.0,0.005797
2024-03-19,DIS,26403,114.51,10999744.0,0.005797
2024-03-19,DIS,26403,114.51,10999744.0,0.005797
2024-03-20,DIS,26403,116.46,11699645.0,0.017029
2024-03-20,DIS,26403,116.46,11699645.0,0.017029
2024-03-20,DIS,26403,116.46,11699645.0,0.017029
2024-03-20,DIS,26403,116.46,11699645.0,0.017029
2024-03-20,DIS,26403,116.46,11699645.0,0.017029
2024-03-20,DIS,26403,116.46,11699645.0,0.017029
2024-03-20,DIS,26403,116.46,11699645.0,0.017029
2024-03-20,DIS,26403,116.46,11699645.0,0.017029
2024-03-20,DIS,26403,116.46,11699645.0,0.017029
2024-03-21,DIS,26403,116.7,10353545.0,0.002061
2024-03-21,DIS,26403,116.7,10353545.0,0.002061
2024-03-21,DIS,26403,116.7,10353545.0,0.002061
2024-03-21,DIS,26403,116.7,10353545.0,0.002061
2024-03-21,DIS,26403,116.7,10353545.0,0.002061
2024-03-21,DIS,26403,116.7,10353545.0,0.002061
2024-03-21,DIS,26403,116.7,10353545.0,0.002061
2024-03-21,DIS,26403,116.7,10353545.0,0.002061
2024-03-21,DIS,26403,116.7,10353545.0,0.002061
2024-03-22,DIS,26403,115.87,7144785.0,-0.007112
2024-03-22,DIS,26403,115.87,7144785.0,-0.007112
2024-03-22,DIS,26403,115.87,7144785.0,-0.007112
2024-03-22,DIS,26403,115.87,7144785.0,-0.007112
2024-03-22,DIS,26403,115.87,7144785.0,-0.007112
2024-03-22,DIS,26403,115.87,7144785.0,-0.007112
2024-03-22,DIS,26403,115.87,7144785.0,-0.007112
2024-03-22,DIS,26403,115.87,7144785.0,-0.007112
2024-03-22,DIS,26403,115.87,7144785.0,-0.007112
2024-03-25,DIS,26403,119.36,12103553.0,0.03012
2024-03-25,DIS,26403,119.36,12103553.0,0.03012
2024-03-25,DIS,26403,119.36,12103553.0,0.03012
2024-03-25,DIS,26403,119.36,12103553.0,0.03012
2024-03-25,DIS,26403,119.36,12103553.0,0.03012
2024-03-25,DIS,26403,119.36,12103553.0,0.03012
2024-03-25,DIS,26403,119.36,12103553.0,0.03012
2024-03-25,DIS,26403,119.36,12103553.0,0.03012
2024-03-25,DIS,26403,119.36,12103553.0,0.03012
2024-03-26,DIS,26403,119.93,11870043.0,0.004775
2024-03-26,DIS,26403,119.93,11870043.0,0.004775
2024-03-26,DIS,26403,119.93,11870043.0,0.004775
2024-03-26,DIS,26403,119.93,11870043.0,0.004775
2024-03-26,DIS,26403,119.93,11870043.0,0.004775
2024-03-26,DIS,26403,119.93,11870043.0,0.004775
2024-03-26,DIS,26403,119.93,11870043.0,0.004775
2024-03-26,DIS,26403,119.93,11870043.0,0.004775
2024-03-26,DIS,26403,119.93,11870043.0,0.004775
2024-03-27,DIS,26403,120.98,10782835.0,0.008755
2024-03-27,DIS,26403,120.98,10782835.0,0.008755
2024-03-27,DIS,26403,120.98,10782835.0,0.008755
2024-03-27,DIS,26403,120.98,10782835.0,0.008755
2024-03-27,DIS,26403,120.98,10782835.0,0.008755
2024-03-27,DIS,26403,120.98,10782835.0,0.008755
2024-03-27,DIS,26403,120.98,10782835.0,0.008755
2024-03-27,DIS,26403,120.98,10782835.0,0.008755
2024-03-27,DIS,26403,120.98,10782835.0,0.008755
2024-03-28,DIS,26403,122.36,15367421.0,0.011407
2024-03-28,DIS,26403,122.36,15367421.0,0.011407
2024-03-28,DIS,26403,122.36,15367421.0,0.011407
2024-03-28,DIS,26403,122.36,15367421.0,0.011407
2024-03-28,DIS,26403,122.36,15367421.0,0.011407
2024-03-28,DIS,26403,122.36,15367421.0,0.011407
2024-03-28,DIS,26403,122.36,15367421.0,0.011407
2024-03-28,DIS,26403,122.36,15367421.0,0.011407
2024-03-28,DIS,26403,122.36,15367421.0,0.011407
2024-04-01,DIS,26403,121.53,8419727.0,-0.006783
2024-04-01,DIS,26403,121.53,8419727.0,-0.006783
2024-04-01,DIS,26403,121.53,8419727.0,-0.006783
2024-04-01,DIS,26403,121.53,8419727.0,-0.006783
2024-04-01,DIS,26403,121.53,8419727.0,-0.006783
2024-04-01,DIS,26403,121.53,8419727.0,-0.006783
2024-04-01,DIS,26403,121.53,8419727.0,-0.006783
2024-04-01,DIS,26403,121.53,8419727.0,-0.006783
2024-04-01,DIS,26403,121.53,8419727.0,-0.006783
2024-04-02,DIS,26403,122.82,15517067.0,0.010615
2024-04-02,DIS,26403,122.82,15517067.0,0.010615
2024-04-02,DIS,26403,122.82,15517067.0,0.010615
2024-04-02,DIS,26403,122.82,15517067.0,0.010615
2024-04-02,DIS,26403,122.82,15517067.0,0.010615
2024-04-02,DIS,26403,122.82,15517067.0,0.010615
2024-04-02,DIS,26403,122.82,15517067.0,0.010615
2024-04-02,DIS,26403,122.82,15517067.0,0.010615
2024-04-02,DIS,26403,122.82,15517067.0,0.010615
2024-04-03,DIS,26403,118.98,22480435.0,-0.031265
2024-04-03,DIS,26403,118.98,22480435.0,-0.031265
2024-04-03,DIS,26403,118.98,22480435.0,-0.031265
2024-04-03,DIS,26403,118.98,22480435.0,-0.031265
2024-04-03,DIS,26403,118.98,22480435.0,-0.031265
2024-04-03,DIS,26403,118.98,22480435.0,-0.031265
2024-04-03,DIS,26403,118.98,22480435.0,-0.031265
2024-04-03,DIS,26403,118.98,22480435.0,-0.031265
2024-04-03,DIS,26403,118.98,22480435.0,-0.031265
2024-04-04,DIS,26403,117.09,13815399.0,-0.015885
2024-04-04,DIS,26403,117.09,13815399.0,-0.015885
2024-04-04,DIS,26403,117.09,13815399.0,-0.015885
2024-04-04,DIS,26403,117.09,13815399.0,-0.015885
2024-04-04,DIS,26403,117.09,13815399.0,-0.015885
2024-04-04,DIS,26403,117.09,13815399.0,-0.015885
2024-04-04,DIS,26403,117.09,13815399.0,-0.015885
2024-04-04,DIS,26403,117.09,13815399.0,-0.015885
2024-04-04,DIS,26403,117.09,13815399.0,-0.015885
2024-04-05,DIS,26403,118.38,9653915.0,0.011017
2024-04-05,DIS,26403,118.38,9653915.0,0.011017
2024-04-05,DIS,26403,118.38,9653915.0,0.011017
2024-04-05,DIS,26403,118.38,9653915.0,0.011017
2024-04-05,DIS,26403,118.38,9653915.0,0.011017
2024-04-05,DIS,26403,118.38,9653915.0,0.011017
2024-04-05,DIS,26403,118.38,9653915.0,0.011017
2024-04-05,DIS,26403,118.38,9653915.0,0.011017
2024-04-05,DIS,26403,118.38,9653915.0,0.011017
2024-04-08,DIS,26403,117.35,6266011.0,-0.008701
2024-04-08,DIS,26403,117.35,6266011.0,-0.008701
2024-04-08,DIS,26403,117.35,6266011.0,-0.008701
2024-04-08,DIS,26403,117.35,6266011.0,-0.008701
2024-04-08,DIS,26403,117.35,6266011.0,-0.008701
2024-04-08,DIS,26403,117.35,6266011.0,-0.008701
2024-04-08,DIS,26403,117.35,6266011.0,-0.008701
2024-04-08,DIS,26403,117.35,6266011.0,-0.008701
2024-04-08,DIS,26403,117.35,6266011.0,-0.008701
2024-04-09,DIS,26403,117.97,7455367.0,0.005283
2024-04-09,DIS,26403,117.97,7455367.0,0.005283
2024-04-09,DIS,26403,117.97,7455367.0,0.005283
2024-04-09,DIS,26403,117.97,7455367.0,0.005283
2024-04-09,DIS,26403,117.97,7455367.0,0.005283
2024-04-09,DIS,26403,117.97,7455367.0,0.005283
2024-04-09,DIS,26403,117.97,7455367.0,0.005283
2024-04-09,DIS,26403,117.97,7455367.0,0.005283
2024-04-09,DIS,26403,117.97,7455367.0,0.005283
2024-04-10,DIS,26403,117.19,6746282.0,-0.006612
2024-04-10,DIS,26403,117.19,6746282.0,-0.006612
2024-04-10,DIS,26403,117.19,6746282.0,-0.006612
2024-04-10,DIS,26403,117.19,6746282.0,-0.006612
2024-04-10,DIS,26403,117.19,6746282.0,-0.006612
2024-04-10,DIS,26403,117.19,6746282.0,-0.006612
2024-04-10,DIS,26403,117.19,6746282.0,-0.006612
2024-04-10,DIS,26403,117.19,6746282.0,-0.006612
2024-04-10,DIS,26403,117.19,6746282.0,-0.006612
2024-04-11,DIS,26403,117.15,6559411.0,-0.000341
2024-04-11,DIS,26403,117.15,6559411.0,-0.000341
2024-04-11,DIS,26403,117.15,6559411.0,-0.000341
2024-04-11,DIS,26403,117.15,6559411.0,-0.000341
2024-04-11,DIS,26403,117.15,6559411.0,-0.000341
2024-04-11,DIS,26403,117.15,6559411.0,-0.000341
2024-04-11,DIS,26403,117.15,6559411.0,-0.000341
2024-04-11,DIS,26403,117.15,6559411.0,-0.000341
2024-04-11,DIS,26403,117.15,6559411.0,-0.000341
2024-04-12,DIS,26403,114.01,12155166.0,-0.026803
2024-04-12,DIS,26403,114.01,12155166.0,-0.026803
2024-04-12,DIS,26403,114.01,12155166.0,-0.026803
2024-04-12,DIS,26403,114.01,12155166.0,-0.026803
2024-04-12,DIS,26403,114.01,12155166.0,-0.026803
2024-04-12,DIS,26403,114.01,12155166.0,-0.026803
2024-04-12,DIS,26403,114.01,12155166.0,-0.026803
2024-04-12,DIS,26403,114.01,12155166.0,-0.026803
2024-04-12,DIS,26403,114.01,12155166.0,-0.026803
2024-04-15,DIS,26403,112.95,9637095.0,-0.009297
2024-04-15,DIS,26403,112.95,9637095.0,-0.009297
2024-04-15,DIS,26403,112.95,9637095.0,-0.009297
2024-04-15,DIS,26403,112.95,9637095.0,-0.009297
2024-04-15,DIS,26403,112.95,9637095.0,-0.009297
2024-04-15,DIS,26403,112.95,9637095.0,-0.009297
2024-04-15,DIS,26403,112.95,9637095.0,-0.009297
2024-04-15,DIS,26403,112.95,9637095.0,-0.009297
2024-04-15,DIS,26403,112.95,9637095.0,-0.009297
2024-04-16,DIS,26403,113.88,9291419.0,0.008234
2024-04-16,DIS,26403,113.88,9291419.0,0.008234
2024-04-16,DIS,26403,113.88,9291419.0,0.008234
2024-04-16,DIS,26403,113.88,9291419.0,0.008234
2024-04-16,DIS,26403,113.88,9291419.0,0.008234
2024-04-16,DIS,26403,113.88,9291419.0,0.008234
2024-04-16,DIS,26403,113.88,9291419.0,0.008234
2024-04-16,DIS,26403,113.88,9291419.0,0.008234
2024-04-16,DIS,26403,113.88,9291419.0,0.008234
2024-04-17,DIS,26403,112.94,7378993.0,-0.008254
2024-04-17,DIS,26403,112.94,7378993.0,-0.008254
2024-04-17,DIS,26403,112.94,7378993.0,-0.008254
2024-04-17,DIS,26403,112.94,7378993.0,-0.008254
2024-04-17,DIS,26403,112.94,7378993.0,-0.008254
2024-04-17,DIS,26403,112.94,7378993.0,-0.008254
2024-04-17,DIS,26403,112.94,7378993.0,-0.008254
2024-04-17,DIS,26403,112.94,7378993.0,-0.008254
2024-04-17,DIS,26403,112.94,7378993.0,-0.008254
2024-04-18,DIS,26403,112.43,8235636.0,-0.004516
2024-04-18,DIS,26403,112.43,8235636.0,-0.004516
2024-04-18,DIS,26403,112.43,8235636.0,-0.004516
2024-04-18,DIS,26403,112.43,8235636.0,-0.004516
2024-04-18,DIS,26403,112.43,8235636.0,-0.004516
2024-04-18,DIS,26403,112.43,8235636.0,-0.004516
2024-04-18,DIS,26403,112.43,8235636.0,-0.004516
2024-04-18,DIS,26403,112.43,8235636.0,-0.004516
2024-04-18,DIS,26403,112.43,8235636.0,-0.004516
2024-04-19,DIS,26403,112.61,9436023.0,0.001601
2024-04-19,DIS,26403,112.61,9436023.0,0.001601
2024-04-19,DIS,26403,112.61,9436023.0,0.001601
2024-04-19,DIS,26403,112.61,9436023.0,0.001601
2024-04-19,DIS,26403,112.61,9436023.0,0.001601
2024-04-19,DIS,26403,112.61,9436023.0,0.001601
2024-04-19,DIS,26403,112.61,9436023.0,0.001601
2024-04-19,DIS,26403,112.61,9436023.0,0.001601
2024-04-19,DIS,26403,112.61,9436023.0,0.001601
2024-04-22,DIS,26403,111.99,6901689.0,-0.005506
2024-04-22,DIS,26403,111.99,6901689.0,-0.005506
2024-04-22,DIS,26403,111.99,6901689.0,-0.005506
2024-04-22,DIS,26403,111.99,6901689.0,-0.005506
2024-04-22,DIS,26403,111.99,6901689.0,-0.005506
2024-04-22,DIS,26403,111.99,6901689.0,-0.005506
2024-04-22,DIS,26403,111.99,6901689.0,-0.005506
2024-04-22,DIS,26403,111.99,6901689.0,-0.005506
2024-04-22,DIS,26403,111.99,6901689.0,-0.005506
2024-04-23,DIS,26403,113.71,6839318.0,0.015359
2024-04-23,DIS,26403,113.71,6839318.0,0.015359
2024-04-23,DIS,26403,113.71,6839318.0,0.015359
2024-04-23,DIS,26403,113.71,6839318.0,0.015359
2024-04-23,DIS,26403,113.71,6839318.0,0.015359
2024-04-23,DIS,26403,113.71,6839318.0,0.015359
2024-04-23,DIS,26403,113.71,6839318.0,0.015359
2024-04-23,DIS,26403,113.71,6839318.0,0.015359
2024-04-23,DIS,26403,113.71,6839318.0,0.015359
2024-04-24,DIS,26403,113.92,6157230.0,0.001847
2024-04-24,DIS,26403,113.92,6157230.0,0.001847
2024-04-24,DIS,26403,113.92,6157230.0,0.001847
2024-04-24,DIS,26403,113.92,6157230.0,0.001847
2024-04-24,DIS,26403,113.92,6157230.0,0.001847
2024-04-24,DIS,26403,113.92,6157230.0,0.001847
2024-04-24,DIS,26403,113.92,6157230.0,0.001847
2024-04-24,DIS,26403,113.92,6157230.0,0.001847
2024-04-24,DIS,26403,113.92,6157230.0,0.001847
2024-04-25,DIS,26403,112.77,8045906.0,-0.010095
2024-04-25,DIS,26403,112.77,8045906.0,-0.010095
2024-04-25,DIS,26403,112.77,8045906.0,-0.010095
2024-04-25,DIS,26403,112.77,8045906.0,-0.010095
2024-04-25,DIS,26403,112.77,8045906.0,-0.010095
2024-04-25,DIS,26403,112.77,8045906.0,-0.010095
2024-04-25,DIS,26403,112.77,8045906.0,-0.010095
2024-04-25,DIS,26403,112.77,8045906.0,-0.010095
2024-04-25,DIS,26403,112.77,8045906.0,-0.010095
2024-04-26,DIS,26403,112.73,6304843.0,-0.000355
2024-04-26,DIS,26403,112.73,6304843.0,-0.000355
2024-04-26,DIS,26403,112.73,6304843.0,-0.000355
2024-04-26,DIS,26403,112.73,6304843.0,-0.000355
2024-04-26,DIS,26403,112.73,6304843.0,-0.000355
2024-04-26,DIS,26403,112.73,6304843.0,-0.000355
2024-04-26,DIS,26403,112.73,6304843.0,-0.000355
2024-04-26,DIS,26403,112.73,6304843.0,-0.000355
2024-04-26,DIS,26403,112.73,6304843.0,-0.000355
2024-04-29,DIS,26403,112.08,7169209.0,-0.005766
2024-04-29,DIS,26403,112.08,7169209.0,-0.005766
2024-04-29,DIS,26403,112.08,7169209.0,-0.005766
2024-04-29,DIS,26403,112.08,7169209.0,-0.005766
2024-04-29,DIS,26403,112.08,7169209.0,-0.005766
2024-04-29,DIS,26403,112.08,7169209.0,-0.005766
2024-04-29,DIS,26403,112.08,7169209.0,-0.005766
2024-04-29,DIS,26403,112.08,7169209.0,-0.005766
2024-04-29,DIS,26403,112.08,7169209.0,-0.005766
2024-04-30,DIS,26403,111.1,8156575.0,-0.008744
2024-04-30,DIS,26403,111.1,8156575.0,-0.008744
2024-04-30,DIS,26403,111.1,8156575.0,-0.008744
2024-04-30,DIS,26403,111.1,8156575.0,-0.008744
2024-04-30,DIS,26403,111.1,8156575.0,-0.008744
2024-04-30,DIS,26403,111.1,8156575.0,-0.008744
2024-04-30,DIS,26403,111.1,8156575.0,-0.008744
2024-04-30,DIS,26403,111.1,8156575.0,-0.008744
2024-04-30,DIS,26403,111.1,8156575.0,-0.008744
2024-05-01,DIS,26403,110.48,6346109.0,-0.005581
2024-05-01,DIS,26403,110.48,6346109.0,-0.005581
2024-05-01,DIS,26403,110.48,6346109.0,-0.005581
2024-05-01,DIS,26403,110.48,6346109.0,-0.005581
2024-05-01,DIS,26403,110.48,6346109.0,-0.005581
2024-05-01,DIS,26403,110.48,6346109.0,-0.005581
2024-05-01,DIS,26403,110.48,6346109.0,-0.005581
2024-05-01,DIS,26403,110.48,6346109.0,-0.005581
2024-05-01,DIS,26403,110.48,6346109.0,-0.005581
2024-05-02,DIS,26403,112.62,6799805.0,0.01937
2024-05-02,DIS,26403,112.62,6799805.0,0.01937
2024-05-02,DIS,26403,112.62,6799805.0,0.01937
2024-05-02,DIS,26403,112.62,6799805.0,0.01937
2024-05-02,DIS,26403,112.62,6799805.0,0.01937
2024-05-02,DIS,26403,112.62,6799805.0,0.01937
2024-05-02,DIS,26403,112.62,6799805.0,0.01937
2024-05-02,DIS,26403,112.62,6799805.0,0.01937
2024-05-02,DIS,26403,112.62,6799805.0,0.01937
2024-05-03,DIS,26403,113.66,7411112.0,0.009235
2024-05-03,DIS,26403,113.66,7411112.0,0.009235
2024-05-03,DIS,26403,113.66,7411112.0,0.009235
2024-05-03,DIS,26403,113.66,7411112.0,0.009235
2024-05-03,DIS,26403,113.66,7411112.0,0.009235
2024-05-03,DIS,26403,113.66,7411112.0,0.009235
2024-05-03,DIS,26403,113.66,7411112.0,0.009235
2024-05-03,DIS,26403,113.66,7411112.0,0.009235
2024-05-03,DIS,26403,113.66,7411112.0,0.009235
2024-05-06,DIS,26403,116.47,16303234.0,0.024723
2024-05-06,DIS,26403,116.47,16303234.0,0.024723
2024-05-06,DIS,26403,116.47,16303234.0,0.024723
2024-05-06,DIS,26403,116.47,16303234.0,0.024723
2024-05-06,DIS,26403,116.47,16303234.0,0.024723
2024-05-06,DIS,26403,116.47,16303234.0,0.024723
2024-05-06,DIS,26403,116.47,16303234.0,0.024723
2024-05-06,DIS,26403,116.47,16303234.0,0.024723
2024-05-06,DIS,26403,116.47,16303234.0,0.024723
2024-05-07,DIS,26403,105.39,55084617.0,-0.095132
2024-05-07,DIS,26403,105.39,55084617.0,-0.095132
2024-05-07,DIS,26403,105.39,55084617.0,-0.095132
2024-05-07,DIS,26403,105.39,55084617.0,-0.095132
2024-05-07,DIS,26403,105.39,55084617.0,-0.095132
2024-05-07,DIS,26403,105.39,55084617.0,-0.095132
2024-05-07,DIS,26403,105.39,55084617.0,-0.095132
2024-05-07,DIS,26403,105.39,55084617.0,-0.095132
2024-05-07,DIS,26403,105.39,55084617.0,-0.095132
2024-05-08,DIS,26403,105.44,15238111.0,0.000474
2024-05-08,DIS,26403,105.44,15238111.0,0.000474
2024-05-08,DIS,26403,105.44,15238111.0,0.000474
2024-05-08,DIS,26403,105.44,15238111.0,0.000474
2024-05-08,DIS,26403,105.44,15238111.0,0.000474
2024-05-08,DIS,26403,105.44,15238111.0,0.000474
2024-05-08,DIS,26403,105.44,15238111.0,0.000474
2024-05-08,DIS,26403,105.44,15238111.0,0.000474
2024-05-08,DIS,26403,105.44,15238111.0,0.000474
2024-05-09,DIS,26403,105.8,15095970.0,0.003414
2024-05-09,DIS,26403,105.8,15095970.0,0.003414
2024-05-09,DIS,26403,105.8,15095970.0,0.003414
2024-05-09,DIS,26403,105.8,15095970.0,0.003414
2024-05-09,DIS,26403,105.8,15095970.0,0.003414
2024-05-09,DIS,26403,105.8,15095970.0,0.003414
2024-05-09,DIS,26403,105.8,15095970.0,0.003414
2024-05-09,DIS,26403,105.8,15095970.0,0.003414
2024-05-09,DIS,26403,105.8,15095970.0,0.003414
2024-05-10,DIS,26403,105.79,15884574.0,-9.5e-05
2024-05-10,DIS,26403,105.79,15884574.0,-9.5e-05
2024-05-10,DIS,26403,105.79,15884574.0,-9.5e-05
2024-05-10,DIS,26403,105.79,15884574.0,-9.5e-05
2024-05-10,DIS,26403,105.79,15884574.0,-9.5e-05
2024-05-10,DIS,26403,105.79,15884574.0,-9.5e-05
2024-05-10,DIS,26403,105.79,15884574.0,-9.5e-05
2024-05-10,DIS,26403,105.79,15884574.0,-9.5e-05
2024-05-10,DIS,26403,105.79,15884574.0,-9.5e-05
2024-05-13,DIS,26403,105.83,9666409.0,0.000378
2024-05-13,DIS,26403,105.83,9666409.0,0.000378
2024-05-13,DIS,26403,105.83,9666409.0,0.000378
2024-05-13,DIS,26403,105.83,9666409.0,0.000378
2024-05-13,DIS,26403,105.83,9666409.0,0.000378
2024-05-13,DIS,26403,105.83,9666409.0,0.000378
2024-05-13,DIS,26403,105.83,9666409.0,0.000378
2024-05-13,DIS,26403,105.83,9666409.0,0.000378
2024-05-13,DIS,26403,105.83,9666409.0,0.000378
2024-05-14,DIS,26403,105.35,11278423.0,-0.004536
2024-05-14,DIS,26403,105.35,11278423.0,-0.004536
2024-05-14,DIS,26403,105.35,11278423.0,-0.004536
2024-05-14,DIS,26403,105.35,11278423.0,-0.004536
2024-05-14,DIS,26403,105.35,11278423.0,-0.004536
2024-05-14,DIS,26403,105.35,11278423.0,-0.004536
2024-05-14,DIS,26403,105.35,11278423.0,-0.004536
2024-05-14,DIS,26403,105.35,11278423.0,-0.004536
2024-05-14,DIS,26403,105.35,11278423.0,-0.004536
2024-05-15,DIS,26403,102.77,20745621.0,-0.02449
2024-05-15,DIS,26403,102.77,20745621.0,-0.02449
2024-05-15,DIS,26403,102.77,20745621.0,-0.02449
2024-05-15,DIS,26403,102.77,20745621.0,-0.02449
2024-05-15,DIS,26403,102.77,20745621.0,-0.02449
2024-05-15,DIS,26403,102.77,20745621.0,-0.02449
2024-05-15,DIS,26403,102.77,20745621.0,-0.02449
2024-05-15,DIS,26403,102.77,20745621.0,-0.02449
2024-05-15,DIS,26403,102.77,20745621.0,-0.02449
2024-05-16,DIS,26403,103.37,9476686.0,0.005838
2024-05-16,DIS,26403,103.37,9476686.0,0.005838
2024-05-16,DIS,26403,103.37,9476686.0,0.005838
2024-05-16,DIS,26403,103.37,9476686.0,0.005838
2024-05-16,DIS,26403,103.37,9476686.0,0.005838
2024-05-16,DIS,26403,103.37,9476686.0,0.005838
2024-05-16,DIS,26403,103.37,9476686.0,0.005838
2024-05-16,DIS,26403,103.37,9476686.0,0.005838
2024-05-16,DIS,26403,103.37,9476686.0,0.005838
2024-05-17,DIS,26403,103.25,7355999.0,-0.001161
2024-05-17,DIS,26403,103.25,7355999.0,-0.001161
2024-05-17,DIS,26403,103.25,7355999.0,-0.001161
2024-05-17,DIS,26403,103.25,7355999.0,-0.001161
2024-05-17,DIS,26403,103.25,7355999.0,-0.001161
2024-05-17,DIS,26403,103.25,7355999.0,-0.001161
2024-05-17,DIS,26403,103.25,7355999.0,-0.001161
2024-05-17,DIS,26403,103.25,7355999.0,-0.001161
2024-05-17,DIS,26403,103.25,7355999.0,-0.001161
2024-05-20,DIS,26403,102.9,7667435.0,-0.00339
2024-05-20,DIS,26403,102.9,7667435.0,-0.00339
2024-05-20,DIS,26403,102.9,7667435.0,-0.00339
2024-05-20,DIS,26403,102.9,7667435.0,-0.00339
2024-05-20,DIS,26403,102.9,7667435.0,-0.00339
2024-05-20,DIS,26403,102.9,7667435.0,-0.00339
2024-05-20,DIS,26403,102.9,7667435.0,-0.00339
2024-05-20,DIS,26403,102.9,7667435.0,-0.00339
2024-05-20,DIS,26403,102.9,7667435.0,-0.00339
2024-05-21,DIS,26403,103.01,7333306.0,0.001069
2024-05-21,DIS,26403,103.01,7333306.0,0.001069
2024-05-21,DIS,26403,103.01,7333306.0,0.001069
2024-05-21,DIS,26403,103.01,7333306.0,0.001069
2024-05-21,DIS,26403,103.01,7333306.0,0.001069
2024-05-21,DIS,26403,103.01,7333306.0,0.001069
2024-05-21,DIS,26403,103.01,7333306.0,0.001069
2024-05-21,DIS,26403,103.01,7333306.0,0.001069
2024-05-21,DIS,26403,103.01,7333306.0,0.001069
2024-05-22,DIS,26403,103.02,7190343.0,9.7e-05
2024-05-22,DIS,26403,103.02,7190343.0,9.7e-05
2024-05-22,DIS,26403,103.02,7190343.0,9.7e-05
2024-05-22,DIS,26403,103.02,7190343.0,9.7e-05
2024-05-22,DIS,26403,103.02,7190343.0,9.7e-05
2024-05-22,DIS,26403,103.02,7190343.0,9.7e-05
2024-05-22,DIS,26403,103.02,7190343.0,9.7e-05
2024-05-22,DIS,26403,103.02,7190343.0,9.7e-05
2024-05-22,DIS,26403,103.02,7190343.0,9.7e-05
2024-05-23,DIS,26403,100.66,10503993.0,-0.022908
2024-05-23,DIS,26403,100.66,10503993.0,-0.022908
2024-05-23,DIS,26403,100.66,10503993.0,-0.022908
2024-05-23,DIS,26403,100.66,10503993.0,-0.022908
2024-05-23,DIS,26403,100.66,10503993.0,-0.022908
2024-05-23,DIS,26403,100.66,10503993.0,-0.022908
2024-05-23,DIS,26403,100.66,10503993.0,-0.022908
2024-05-23,DIS,26403,100.66,10503993.0,-0.022908
2024-05-23,DIS,26403,100.66,10503993.0,-0.022908
2024-05-24,DIS,26403,101.76,6451579.0,0.010928
2024-05-24,DIS,26403,101.76,6451579.0,0.010928
2024-05-24,DIS,26403,101.76,6451579.0,0.010928
2024-05-24,DIS,26403,101.76,6451579.0,0.010928
2024-05-24,DIS,26403,101.76,6451579.0,0.010928
2024-05-24,DIS,26403,101.76,6451579.0,0.010928
2024-05-24,DIS,26403,101.76,6451579.0,0.010928
2024-05-24,DIS,26403,101.76,6451579.0,0.010928
2024-05-24,DIS,26403,101.76,6451579.0,0.010928
2024-05-28,DIS,26403,102.44,7813094.0,0.006682
2024-05-28,DIS,26403,102.44,7813094.0,0.006682
2024-05-28,DIS,26403,102.44,7813094.0,0.006682
2024-05-28,DIS,26403,102.44,7813094.0,0.006682
2024-05-28,DIS,26403,102.44,7813094.0,0.006682
2024-05-28,DIS,26403,102.44,7813094.0,0.006682
2024-05-28,DIS,26403,102.44,7813094.0,0.006682
2024-05-28,DIS,26403,102.44,7813094.0,0.006682
2024-05-28,DIS,26403,102.44,7813094.0,0.006682
2024-05-29,DIS,26403,100.88,7376258.0,-0.015229
2024-05-29,DIS,26403,100.88,7376258.0,-0.015229
2024-05-29,DIS,26403,100.88,7376258.0,-0.015229
2024-05-29,DIS,26403,100.88,7376258.0,-0.015229
2024-05-29,DIS,26403,100.88,7376258.0,-0.015229
2024-05-29,DIS,26403,100.88,7376258.0,-0.015229
2024-05-29,DIS,26403,100.88,7376258.0,-0.015229
2024-05-29,DIS,26403,100.88,7376258.0,-0.015229
2024-05-29,DIS,26403,100.88,7376258.0,-0.015229
2024-05-30,DIS,26403,101.7,7303708.0,0.008128
2024-05-30,DIS,26403,101.7,7303708.0,0.008128
2024-05-30,DIS,26403,101.7,7303708.0,0.008128
2024-05-30,DIS,26403,101.7,7303708.0,0.008128
2024-05-30,DIS,26403,101.7,7303708.0,0.008128
2024-05-30,DIS,26403,101.7,7303708.0,0.008128
2024-05-30,DIS,26403,101.7,7303708.0,0.008128
2024-05-30,DIS,26403,101.7,7303708.0,0.008128
2024-05-30,DIS,26403,101.7,7303708.0,0.008128
2024-05-31,DIS,26403,103.91,14735791.0,0.021731
2024-05-31,DIS,26403,103.91,14735791.0,0.021731
2024-05-31,DIS,26403,103.91,14735791.0,0.021731
2024-05-31,DIS,26403,103.91,14735791.0,0.021731
2024-05-31,DIS,26403,103.91,14735791.0,0.021731
2024-05-31,DIS,26403,103.91,14735791.0,0.021731
2024-05-31,DIS,26403,103.91,14735791.0,0.021731
2024-05-31,DIS,26403,103.91,14735791.0,0.021731
2024-05-31,DIS,26403,103.91,14735791.0,0.021731
2024-06-03,DIS,26403,102.77,6908604.0,-0.010971
2024-06-03,DIS,26403,102.77,6908604.0,-0.010971
2024-06-03,DIS,26403,102.77,6908604.0,-0.010971
2024-06-03,DIS,26403,102.77,6908604.0,-0.010971
2024-06-03,DIS,26403,102.77,6908604.0,-0.010971
2024-06-03,DIS,26403,102.77,6908604.0,-0.010971
2024-06-03,DIS,26403,102.77,6908604.0,-0.010971
2024-06-03,DIS,26403,102.77,6908604.0,-0.010971
2024-06-03,DIS,26403,102.77,6908604.0,-0.010971
2024-06-04,DIS,26403,103.33,7269109.0,0.005449
2024-06-04,DIS,26403,103.33,7269109.0,0.005449
2024-06-04,DIS,26403,103.33,7269109.0,0.005449
2024-06-04,DIS,26403,103.33,7269109.0,0.005449
2024-06-04,DIS,26403,103.33,7269109.0,0.005449
2024-06-04,DIS,26403,103.33,7269109.0,0.005449
2024-06-04,DIS,26403,103.33,7269109.0,0.005449
2024-06-04,DIS,26403,103.33,7269109.0,0.005449
2024-06-04,DIS,26403,103.33,7269109.0,0.005449
2024-06-05,DIS,26403,101.5,10796877.0,-0.01771
2024-06-05,DIS,26403,101.5,10796877.0,-0.01771
2024-06-05,DIS,26403,101.5,10796877.0,-0.01771
2024-06-05,DIS,26403,101.5,10796877.0,-0.01771
2024-06-05,DIS,26403,101.5,10796877.0,-0.01771
2024-06-05,DIS,26403,101.5,10796877.0,-0.01771
2024-06-05,DIS,26403,101.5,10796877.0,-0.01771
2024-06-05,DIS,26403,101.5,10796877.0,-0.01771
2024-06-05,DIS,26403,101.5,10796877.0,-0.01771
2024-06-06,DIS,26403,101.21,10294705.0,-0.002857
2024-06-06,DIS,26403,101.21,10294705.0,-0.002857
2024-06-06,DIS,26403,101.21,10294705.0,-0.002857
2024-06-06,DIS,26403,101.21,10294705.0,-0.002857
2024-06-06,DIS,26403,101.21,10294705.0,-0.002857
2024-06-06,DIS,26403,101.21,10294705.0,-0.002857
2024-06-06,DIS,26403,101.21,10294705.0,-0.002857
2024-06-06,DIS,26403,101.21,10294705.0,-0.002857
2024-06-06,DIS,26403,101.21,10294705.0,-0.002857
2024-06-07,DIS,26403,101.54,6047828.0,0.003261
2024-06-07,DIS,26403,101.54,6047828.0,0.003261
2024-06-07,DIS,26403,101.54,6047828.0,0.003261
2024-06-07,DIS,26403,101.54,6047828.0,0.003261
2024-06-07,DIS,26403,101.54,6047828.0,0.003261
2024-06-07,DIS,26403,101.54,6047828.0,0.003261
2024-06-07,DIS,26403,101.54,6047828.0,0.003261
2024-06-07,DIS,26403,101.54,6047828.0,0.003261
2024-06-07,DIS,26403,101.54,6047828.0,0.003261
2024-06-10,DIS,26403,102.74,7633073.0,0.011818
2024-06-10,DIS,26403,102.74,7633073.0,0.011818
2024-06-10,DIS,26403,102.74,7633073.0,0.011818
2024-06-10,DIS,26403,102.74,7633073.0,0.011818
2024-06-10,DIS,26403,102.74,7633073.0,0.011818
2024-06-10,DIS,26403,102.74,7633073.0,0.011818
2024-06-10,DIS,26403,102.74,7633073.0,0.011818
2024-06-10,DIS,26403,102.74,7633073.0,0.011818
2024-06-10,DIS,26403,102.74,7633073.0,0.011818
2024-06-11,DIS,26403,100.87,9134218.0,-0.018201
2024-06-11,DIS,26403,100.87,9134218.0,-0.018201
2024-06-11,DIS,26403,100.87,9134218.0,-0.018201
2024-06-11,DIS,26403,100.87,9134218.0,-0.018201
2024-06-11,DIS,26403,100.87,9134218.0,-0.018201
2024-06-11,DIS,26403,100.87,9134218.0,-0.018201
2024-06-11,DIS,26403,100.87,9134218.0,-0.018201
2024-06-11,DIS,26403,100.87,9134218.0,-0.018201
2024-06-11,DIS,26403,100.87,9134218.0,-0.018201
2024-06-12,DIS,26403,100.8,9041768.0,-0.000694
2024-06-12,DIS,26403,100.8,9041768.0,-0.000694
2024-06-12,DIS,26403,100.8,9041768.0,-0.000694
2024-06-12,DIS,26403,100.8,9041768.0,-0.000694
2024-06-12,DIS,26403,100.8,9041768.0,-0.000694
2024-06-12,DIS,26403,100.8,9041768.0,-0.000694
2024-06-12,DIS,26403,100.8,9041768.0,-0.000694
2024-06-12,DIS,26403,100.8,9041768.0,-0.000694
2024-06-12,DIS,26403,100.8,9041768.0,-0.000694
2024-06-13,DIS,26403,100.09,10164570.0,-0.007044
2024-06-13,DIS,26403,100.09,10164570.0,-0.007044
2024-06-13,DIS,26403,100.09,10164570.0,-0.007044
2024-06-13,DIS,26403,100.09,10164570.0,-0.007044
2024-06-13,DIS,26403,100.09,10164570.0,-0.007044
2024-06-13,DIS,26403,100.09,10164570.0,-0.007044
2024-06-13,DIS,26403,100.09,10164570.0,-0.007044
2024-06-13,DIS,26403,100.09,10164570.0,-0.007044
2024-06-13,DIS,26403,100.09,10164570.0,-0.007044
2024-06-14,DIS,26403,99.97,7087573.0,-0.001199
2024-06-14,DIS,26403,99.97,7087573.0,-0.001199
2024-06-14,DIS,26403,99.97,7087573.0,-0.001199
2024-06-14,DIS,26403,99.97,7087573.0,-0.001199
2024-06-14,DIS,26403,99.97,7087573.0,-0.001199
2024-06-14,DIS,26403,99.97,7087573.0,-0.001199
2024-06-14,DIS,26403,99.97,7087573.0,-0.001199
2024-06-14,DIS,26403,99.97,7087573.0,-0.001199
2024-06-14,DIS,26403,99.97,7087573.0,-0.001199
2024-06-17,DIS,26403,101.52,10388986.0,0.015505
2024-06-17,DIS,26403,101.52,10388986.0,0.015505
2024-06-17,DIS,26403,101.52,10388986.0,0.015505
2024-06-17,DIS,26403,101.52,10388986.0,0.015505
2024-06-17,DIS,26403,101.52,10388986.0,0.015505
2024-06-17,DIS,26403,101.52,10388986.0,0.015505
2024-06-17,DIS,26403,101.52,10388986.0,0.015505
2024-06-17,DIS,26403,101.52,10388986.0,0.015505
2024-06-17,DIS,26403,101.52,10388986.0,0.015505
2024-06-18,DIS,26403,101.5,7044674.0,-0.000197
2024-06-18,DIS,26403,101.5,7044674.0,-0.000197
2024-06-18,DIS,26403,101.5,7044674.0,-0.000197
2024-06-18,DIS,26403,101.5,7044674.0,-0.000197
2024-06-18,DIS,26403,101.5,7044674.0,-0.000197
2024-06-18,DIS,26403,101.5,7044674.0,-0.000197
2024-06-18,DIS,26403,101.5,7044674.0,-0.000197
2024-06-18,DIS,26403,101.5,7044674.0,-0.000197
2024-06-18,DIS,26403,101.5,7044674.0,-0.000197
2024-06-20,DIS,26403,101.84,7886934.0,0.00335
2024-06-20,DIS,26403,101.84,7886934.0,0.00335
2024-06-20,DIS,26403,101.84,7886934.0,0.00335
2024-06-20,DIS,26403,101.84,7886934.0,0.00335
2024-06-20,DIS,26403,101.84,7886934.0,0.00335
2024-06-20,DIS,26403,101.84,7886934.0,0.00335
2024-06-20,DIS,26403,101.84,7886934.0,0.00335
2024-06-20,DIS,26403,101.84,7886934.0,0.00335
2024-06-20,DIS,26403,101.84,7886934.0,0.00335
2024-06-21,DIS,26403,102.27,14144918.0,0.004222
2024-06-21,DIS,26403,102.27,14144918.0,0.004222
2024-06-21,DIS,26403,102.27,14144918.0,0.004222
2024-06-21,DIS,26403,102.27,14144918.0,0.004222
2024-06-21,DIS,26403,102.27,14144918.0,0.004222
2024-06-21,DIS,26403,102.27,14144918.0,0.004222
2024-06-21,DIS,26403,102.27,14144918.0,0.004222
2024-06-21,DIS,26403,102.27,14144918.0,0.004222
2024-06-21,DIS,26403,102.27,14144918.0,0.004222
2024-06-24,DIS,26403,101.98,7393608.0,-0.002836
2024-06-24,DIS,26403,101.98,7393608.0,-0.002836
2024-06-24,DIS,26403,101.98,7393608.0,-0.002836
2024-06-24,DIS,26403,101.98,7393608.0,-0.002836
2024-06-24,DIS,26403,101.98,7393608.0,-0.002836
2024-06-24,DIS,26403,101.98,7393608.0,-0.002836
2024-06-24,DIS,26403,101.98,7393608.0,-0.002836
2024-06-24,DIS,26403,101.98,7393608.0,-0.002836
2024-06-24,DIS,26403,101.98,7393608.0,-0.002836
2024-06-25,DIS,26403,102.2,10343709.0,0.002157
2024-06-25,DIS,26403,102.2,10343709.0,0.002157
2024-06-25,DIS,26403,102.2,10343709.0,0.002157
2024-06-25,DIS,26403,102.2,10343709.0,0.002157
2024-06-25,DIS,26403,102.2,10343709.0,0.002157
2024-06-25,DIS,26403,102.2,10343709.0,0.002157
2024-06-25,DIS,26403,102.2,10343709.0,0.002157
2024-06-25,DIS,26403,102.2,10343709.0,0.002157
2024-06-25,DIS,26403,102.2,10343709.0,0.002157
2024-06-26,DIS,26403,102.18,10122311.0,-0.000196
2024-06-26,DIS,26403,102.18,10122311.0,-0.000196
2024-06-26,DIS,26403,102.18,10122311.0,-0.000196
2024-06-26,DIS,26403,102.18,10122311.0,-0.000196
2024-06-26,DIS,26403,102.18,10122311.0,-0.000196
2024-06-26,DIS,26403,102.18,10122311.0,-0.000196
2024-06-26,DIS,26403,102.18,10122311.0,-0.000196
2024-06-26,DIS,26403,102.18,10122311.0,-0.000196
2024-06-26,DIS,26403,102.18,10122311.0,-0.000196
2024-06-27,DIS,26403,102.17,8365165.0,-9.8e-05
2024-06-27,DIS,26403,102.17,8365165.0,-9.8e-05
2024-06-27,DIS,26403,102.17,8365165.0,-9.8e-05
2024-06-27,DIS,26403,102.17,8365165.0,-9.8e-05
2024-06-27,DIS,26403,102.17,8365165.0,-9.8e-05
2024-06-27,DIS,26403,102.17,8365165.0,-9.8e-05
2024-06-27,DIS,26403,102.17,8365165.0,-9.8e-05
2024-06-27,DIS,26403,102.17,8365165.0,-9.8e-05
2024-06-27,DIS,26403,102.17,8365165.0,-9.8e-05
2024-06-28,DIS,26403,99.29,21439416.0,-0.028188
2024-06-28,DIS,26403,99.29,21439416.0,-0.028188
2024-06-28,DIS,26403,99.29,21439416.0,-0.028188
2024-06-28,DIS,26403,99.29,21439416.0,-0.028188
2024-06-28,DIS,26403,99.29,21439416.0,-0.028188
2024-06-28,DIS,26403,99.29,21439416.0,-0.028188
2024-06-28,DIS,26403,99.29,21439416.0,-0.028188
2024-06-28,DIS,26403,99.29,21439416.0,-0.028188
2024-06-28,DIS,26403,99.29,21439416.0,-0.028188
2024-07-01,DIS,26403,98.04,15298971.0,-0.012589
2024-07-01,DIS,26403,98.04,15298971.0,-0.012589
2024-07-01,DIS,26403,98.04,15298971.0,-0.012589
2024-07-01,DIS,26403,98.04,15298971.0,-0.012589
2024-07-01,DIS,26403,98.04,15298971.0,-0.012589
2024-07-01,DIS,26403,98.04,15298971.0,-0.012589
2024-07-01,DIS,26403,98.04,15298971.0,-0.012589
2024-07-01,DIS,26403,98.04,15298971.0,-0.012589
2024-07-01,DIS,26403,98.04,15298971.0,-0.012589
2024-07-02,DIS,26403,97.99,13340320.0,-0.00051
2024-07-02,DIS,26403,97.99,13340320.0,-0.00051
2024-07-02,DIS,26403,97.99,13340320.0,-0.00051
2024-07-02,DIS,26403,97.99,13340320.0,-0.00051
2024-07-02,DIS,26403,97.99,13340320.0,-0.00051
2024-07-02,DIS,26403,97.99,13340320.0,-0.00051
2024-07-02,DIS,26403,97.99,13340320.0,-0.00051
2024-07-02,DIS,26403,97.99,13340320.0,-0.00051
2024-07-02,DIS,26403,97.99,13340320.0,-0.00051
2024-07-03,DIS,26403,98.61,5029969.0,0.006327
2024-07-03,DIS,26403,98.61,5029969.0,0.006327
2024-07-03,DIS,26403,98.61,5029969.0,0.006327
2024-07-03,DIS,26403,98.61,5029969.0,0.006327
2024-07-03,DIS,26403,98.61,5029969.0,0.006327
2024-07-03,DIS,26403,98.61,5029969.0,0.006327
2024-07-03,DIS,26403,98.61,5029969.0,0.006327
2024-07-03,DIS,26403,98.61,5029969.0,0.006327
2024-07-03,DIS,26403,98.61,5029969.0,0.006327
2024-07-05,DIS,26403,97.99,8550759.0,-0.006287
2024-07-05,DIS,26403,97.99,8550759.0,-0.006287
2024-07-05,DIS,26403,97.99,8550759.0,-0.006287
2024-07-05,DIS,26403,97.99,8550759.0,-0.006287
2024-07-05,DIS,26403,97.99,8550759.0,-0.006287
2024-07-05,DIS,26403,97.99,8550759.0,-0.006287
2024-07-05,DIS,26403,97.99,8550759.0,-0.006287
2024-07-05,DIS,26403,97.99,8550759.0,-0.006287
2024-07-05,DIS,26403,97.99,8550759.0,-0.006287
2024-07-08,DIS,26403,97.37,8167589.0,-0.001735
2024-07-08,DIS,26403,97.37,8167589.0,-0.001735
2024-07-08,DIS,26403,97.37,8167589.0,-0.001735
2024-07-08,DIS,26403,97.37,8167589.0,-0.001735
2024-07-08,DIS,26403,97.37,8167589.0,-0.001735
2024-07-08,DIS,26403,97.37,8167589.0,-0.001735
2024-07-08,DIS,26403,97.37,8167589.0,-0.001735
2024-07-08,DIS,26403,97.37,8167589.0,-0.001735
2024-07-08,DIS,26403,97.37,8167589.0,-0.001735
2024-07-09,DIS,26403,97.05,9048576.0,-0.003286
2024-07-09,DIS,26403,97.05,9048576.0,-0.003286
2024-07-09,DIS,26403,97.05,9048576.0,-0.003286
2024-07-09,DIS,26403,97.05,9048576.0,-0.003286
2024-07-09,DIS,26403,97.05,9048576.0,-0.003286
2024-07-09,DIS,26403,97.05,9048576.0,-0.003286
2024-07-09,DIS,26403,97.05,9048576.0,-0.003286
2024-07-09,DIS,26403,97.05,9048576.0,-0.003286
2024-07-09,DIS,26403,97.05,9048576.0,-0.003286
2024-07-10,DIS,26403,96.97,7761123.0,-0.000824
2024-07-10,DIS,26403,96.97,7761123.0,-0.000824
2024-07-10,DIS,26403,96.97,7761123.0,-0.000824
2024-07-10,DIS,26403,96.97,7761123.0,-0.000824
2024-07-10,DIS,26403,96.97,7761123.0,-0.000824
2024-07-10,DIS,26403,96.97,7761123.0,-0.000824
2024-07-10,DIS,26403,96.97,7761123.0,-0.000824
2024-07-10,DIS,26403,96.97,7761123.0,-0.000824
2024-07-10,DIS,26403,96.97,7761123.0,-0.000824
2024-07-11,DIS,26403,96.6,7432590.0,-0.003816
2024-07-11,DIS,26403,96.6,7432590.0,-0.003816
2024-07-11,DIS,26403,96.6,7432590.0,-0.003816
2024-07-11,DIS,26403,96.6,7432590.0,-0.003816
2024-07-11,DIS,26403,96.6,7432590.0,-0.003816
2024-07-11,DIS,26403,96.6,7432590.0,-0.003816
2024-07-11,DIS,26403,96.6,7432590.0,-0.003816
2024-07-11,DIS,26403,96.6,7432590.0,-0.003816
2024-07-11,DIS,26403,96.6,7432590.0,-0.003816
2024-07-12,DIS,26403,97.13,6465736.0,0.005487
2024-07-12,DIS,26403,97.13,6465736.0,0.005487
2024-07-12,DIS,26403,97.13,6465736.0,0.005487
2024-07-12,DIS,26403,97.13,6465736.0,0.005487
2024-07-12,DIS,26403,97.13,6465736.0,0.005487
2024-07-12,DIS,26403,97.13,6465736.0,0.005487
2024-07-12,DIS,26403,97.13,6465736.0,0.005487
2024-07-12,DIS,26403,97.13,6465736.0,0.005487
2024-07-12,DIS,26403,97.13,6465736.0,0.005487
2024-07-15,DIS,26403,96.87,7417699.0,-0.002677
2024-07-15,DIS,26403,96.87,7417699.0,-0.002677
2024-07-15,DIS,26403,96.87,7417699.0,-0.002677
2024-07-15,DIS,26403,96.87,7417699.0,-0.002677
2024-07-15,DIS,26403,96.87,7417699.0,-0.002677
2024-07-15,DIS,26403,96.87,7417699.0,-0.002677
2024-07-15,DIS,26403,96.87,7417699.0,-0.002677
2024-07-15,DIS,26403,96.87,7417699.0,-0.002677
2024-07-15,DIS,26403,96.87,7417699.0,-0.002677
2024-07-16,DIS,26403,98.47,10755508.0,0.016517
2024-07-16,DIS,26403,98.47,10755508.0,0.016517
2024-07-16,DIS,26403,98.47,10755508.0,0.016517
2024-07-16,DIS,26403,98.47,10755508.0,0.016517
2024-07-16,DIS,26403,98.47,10755508.0,0.016517
2024-07-16,DIS,26403,98.47,10755508.0,0.016517
2024-07-16,DIS,26403,98.47,10755508.0,0.016517
2024-07-16,DIS,26403,98.47,10755508.0,0.016517
2024-07-16,DIS,26403,98.47,10755508.0,0.016517
2024-07-17,DIS,26403,97.31,9456087.0,-0.01178
2024-07-17,DIS,26403,97.31,9456087.0,-0.01178
2024-07-17,DIS,26403,97.31,9456087.0,-0.01178
2024-07-17,DIS,26403,97.31,9456087.0,-0.01178
2024-07-17,DIS,26403,97.31,9456087.0,-0.01178
2024-07-17,DIS,26403,97.31,9456087.0,-0.01178
2024-07-17,DIS,26403,97.31,9456087.0,-0.01178
2024-07-17,DIS,26403,97.31,9456087.0,-0.01178
2024-07-17,DIS,26403,97.31,9456087.0,-0.01178
2024-07-18,DIS,26403,96.79,7529378.0,-0.005344
2024-07-18,DIS,26403,96.79,7529378.0,-0.005344
2024-07-18,DIS,26403,96.79,7529378.0,-0.005344
2024-07-18,DIS,26403,96.79,7529378.0,-0.005344
2024-07-18,DIS,26403,96.79,7529378.0,-0.005344
2024-07-18,DIS,26403,96.79,7529378.0,-0.005344
2024-07-18,DIS,26403,96.79,7529378.0,-0.005344
2024-07-18,DIS,26403,96.79,7529378.0,-0.005344
2024-07-18,DIS,26403,96.79,7529378.0,-0.005344
2024-07-19,DIS,26403,95.74,9300963.0,-0.010848
2024-07-19,DIS,26403,95.74,9300963.0,-0.010848
2024-07-19,DIS,26403,95.74,9300963.0,-0.010848
2024-07-19,DIS,26403,95.74,9300963.0,-0.010848
2024-07-19,DIS,26403,95.74,9300963.0,-0.010848
2024-07-19,DIS,26403,95.74,9300963.0,-0.010848
2024-07-19,DIS,26403,95.74,9300963.0,-0.010848
2024-07-19,DIS,26403,95.74,9300963.0,-0.010848
2024-07-19,DIS,26403,95.74,9300963.0,-0.010848
2024-07-22,DIS,26403,94.13,13377038.0,-0.016816
2024-07-22,DIS,26403,94.13,13377038.0,-0.016816
2024-07-22,DIS,26403,94.13,13377038.0,-0.016816
2024-07-22,DIS,26403,94.13,13377038.0,-0.016816
2024-07-22,DIS,26403,94.13,13377038.0,-0.016816
2024-07-22,DIS,26403,94.13,13377038.0,-0.016816
2024-07-22,DIS,26403,94.13,13377038.0,-0.016816
2024-07-22,DIS,26403,94.13,13377038.0,-0.016816
2024-07-22,DIS,26403,94.13,13377038.0,-0.016816
2024-07-23,DIS,26403,90.94,22534730.0,-0.033889
2024-07-23,DIS,26403,90.94,22534730.0,-0.033889
2024-07-23,DIS,26403,90.94,22534730.0,-0.033889
2024-07-23,DIS,26403,90.94,22534730.0,-0.033889
2024-07-23,DIS,26403,90.94,22534730.0,-0.033889
2024-07-23,DIS,26403,90.94,22534730.0,-0.033889
2024-07-23,DIS,26403,90.94,22534730.0,-0.033889
2024-07-23,DIS,26403,90.94,22534730.0,-0.033889
2024-07-23,DIS,26403,90.94,22534730.0,-0.033889
2024-07-24,DIS,26403,89.8,11768547.0,-0.012536
2024-07-24,DIS,26403,89.8,11768547.0,-0.012536
2024-07-24,DIS,26403,89.8,11768547.0,-0.012536
2024-07-24,DIS,26403,89.8,11768547.0,-0.012536
2024-07-24,DIS,26403,89.8,11768547.0,-0.012536
2024-07-24,DIS,26403,89.8,11768547.0,-0.012536
2024-07-24,DIS,26403,89.8,11768547.0,-0.012536
2024-07-24,DIS,26403,89.8,11768547.0,-0.012536
2024-07-24,DIS,26403,89.8,11768547.0,-0.012536
2024-07-25,DIS,26403,89.21,10765285.0,-0.00657
2024-07-25,DIS,26403,89.21,10765285.0,-0.00657
2024-07-25,DIS,26403,89.21,10765285.0,-0.00657
2024-07-25,DIS,26403,89.21,10765285.0,-0.00657
2024-07-25,DIS,26403,89.21,10765285.0,-0.00657
2024-07-25,DIS,26403,89.21,10765285.0,-0.00657
2024-07-25,DIS,26403,89.21,10765285.0,-0.00657
2024-07-25,DIS,26403,89.21,10765285.0,-0.00657
2024-07-25,DIS,26403,89.21,10765285.0,-0.00657
2024-07-26,DIS,26403,89.93,11301857.0,0.008071
2024-07-26,DIS,26403,89.93,11301857.0,0.008071
2024-07-26,DIS,26403,89.93,11301857.0,0.008071
2024-07-26,DIS,26403,89.93,11301857.0,0.008071
2024-07-26,DIS,26403,89.93,11301857.0,0.008071
2024-07-26,DIS,26403,89.93,11301857.0,0.008071
2024-07-26,DIS,26403,89.93,11301857.0,0.008071
2024-07-26,DIS,26403,89.93,11301857.0,0.008071
2024-07-26,DIS,26403,89.93,11301857.0,0.008071
2024-07-29,DIS,26403,92.14,13024847.0,0.024575
2024-07-29,DIS,26403,92.14,13024847.0,0.024575
2024-07-29,DIS,26403,92.14,13024847.0,0.024575
2024-07-29,DIS,26403,92.14,13024847.0,0.024575
2024-07-29,DIS,26403,92.14,13024847.0,0.024575
2024-07-29,DIS,26403,92.14,13024847.0,0.024575
2024-07-29,DIS,26403,92.14,13024847.0,0.024575
2024-07-29,DIS,26403,92.14,13024847.0,0.024575
2024-07-29,DIS,26403,92.14,13024847.0,0.024575
2024-07-30,DIS,26403,93.79,9896054.0,0.017908
2024-07-30,DIS,26403,93.79,9896054.0,0.017908
2024-07-30,DIS,26403,93.79,9896054.0,0.017908
2024-07-30,DIS,26403,93.79,9896054.0,0.017908
2024-07-30,DIS,26403,93.79,9896054.0,0.017908
2024-07-30,DIS,26403,93.79,9896054.0,0.017908
2024-07-30,DIS,26403,93.79,9896054.0,0.017908
2024-07-30,DIS,26403,93.79,9896054.0,0.017908
2024-07-30,DIS,26403,93.79,9896054.0,0.017908
2024-07-31,DIS,26403,93.69,10241834.0,-0.001066
2024-07-31,DIS,26403,93.69,10241834.0,-0.001066
2024-07-31,DIS,26403,93.69,10241834.0,-0.001066
2024-07-31,DIS,26403,93.69,10241834.0,-0.001066
2024-07-31,DIS,26403,93.69,10241834.0,-0.001066
2024-07-31,DIS,26403,93.69,10241834.0,-0.001066
2024-07-31,DIS,26403,93.69,10241834.0,-0.001066
2024-07-31,DIS,26403,93.69,10241834.0,-0.001066
2024-07-31,DIS,26403,93.69,10241834.0,-0.001066
2024-08-01,DIS,26403,93.05,9263596.0,-0.006831
2024-08-01,DIS,26403,93.05,9263596.0,-0.006831
2024-08-01,DIS,26403,93.05,9263596.0,-0.006831
2024-08-01,DIS,26403,93.05,9263596.0,-0.006831
2024-08-01,DIS,26403,93.05,9263596.0,-0.006831
2024-08-01,DIS,26403,93.05,9263596.0,-0.006831
2024-08-01,DIS,26403,93.05,9263596.0,-0.006831
2024-08-01,DIS,26403,93.05,9263596.0,-0.006831
2024-08-01,DIS,26403,93.05,9263596.0,-0.006831
2024-08-02,DIS,26403,89.57,15433552.0,-0.037399
2024-08-02,DIS,26403,89.57,15433552.0,-0.037399
2024-08-02,DIS,26403,89.57,15433552.0,-0.037399
2024-08-02,DIS,26403,89.57,15433552.0,-0.037399
2024-08-02,DIS,26403,89.57,15433552.0,-0.037399
2024-08-02,DIS,26403,89.57,15433552.0,-0.037399
2024-08-02,DIS,26403,89.57,15433552.0,-0.037399
2024-08-02,DIS,26403,89.57,15433552.0,-0.037399
2024-08-02,DIS,26403,89.57,15433552.0,-0.037399
2024-08-05,DIS,26403,87.78,19103158.0,-0.019984
2024-08-05,DIS,26403,87.78,19103158.0,-0.019984
2024-08-05,DIS,26403,87.78,19103158.0,-0.019984
2024-08-05,DIS,26403,87.78,19103158.0,-0.019984
2024-08-05,DIS,26403,87.78,19103158.0,-0.019984
2024-08-05,DIS,26403,87.78,19103158.0,-0.019984
2024-08-05,DIS,26403,87.78,19103158.0,-0.019984
2024-08-05,DIS,26403,87.78,19103158.0,-0.019984
2024-08-05,DIS,26403,87.78,19103158.0,-0.019984
2024-08-06,DIS,26403,89.97,21717509.0,0.024949
2024-08-06,DIS,26403,89.97,21717509.0,0.024949
2024-08-06,DIS,26403,89.97,21717509.0,0.024949
2024-08-06,DIS,26403,89.97,21717509.0,0.024949
2024-08-06,DIS,26403,89.97,21717509.0,0.024949
2024-08-06,DIS,26403,89.97,21717509.0,0.024949
2024-08-06,DIS,26403,89.97,21717509.0,0.024949
2024-08-06,DIS,26403,89.97,21717509.0,0.024949
2024-08-06,DIS,26403,89.97,21717509.0,0.024949
2024-08-07,DIS,26403,85.96,30581926.0,-0.04457
2024-08-07,DIS,26403,85.96,30581926.0,-0.04457
2024-08-07,DIS,26403,85.96,30581926.0,-0.04457
2024-08-07,DIS,26403,85.96,30581926.0,-0.04457
2024-08-07,DIS,26403,85.96,30581926.0,-0.04457
2024-08-07,DIS,26403,85.96,30581926.0,-0.04457
2024-08-07,DIS,26403,85.96,30581926.0,-0.04457
2024-08-07,DIS,26403,85.96,30581926.0,-0.04457
2024-08-07,DIS,26403,85.96,30581926.0,-0.04457
2024-08-08,DIS,26403,85.96,21890474.0,0.0
2024-08-08,DIS,26403,85.96,21890474.0,0.0
2024-08-08,DIS,26403,85.96,21890474.0,0.0
2024-08-08,DIS,26403,85.96,21890474.0,0.0
2024-08-08,DIS,26403,85.96,21890474.0,0.0
2024-08-08,DIS,26403,85.96,21890474.0,0.0
2024-08-08,DIS,26403,85.96,21890474.0,0.0
2024-08-08,DIS,26403,85.96,21890474.0,0.0
2024-08-08,DIS,26403,85.96,21890474.0,0.0
2024-08-09,DIS,26403,86.21,16008396.0,0.002908
2024-08-09,DIS,26403,86.21,16008396.0,0.002908
2024-08-09,DIS,26403,86.21,16008396.0,0.002908
2024-08-09,DIS,26403,86.21,16008396.0,0.002908
2024-08-09,DIS,26403,86.21,16008396.0,0.002908
2024-08-09,DIS,26403,86.21,16008396.0,0.002908
2024-08-09,DIS,26403,86.21,16008396.0,0.002908
2024-08-09,DIS,26403,86.21,16008396.0,0.002908
2024-08-09,DIS,26403,86.21,16008396.0,0.002908
2024-08-12,DIS,26403,85.95,11754596.0,-0.003016
2024-08-12,DIS,26403,85.95,11754596.0,-0.003016
2024-08-12,DIS,26403,85.95,11754596.0,-0.003016
2024-08-12,DIS,26403,85.95,11754596.0,-0.003016
2024-08-12,DIS,26403,85.95,11754596.0,-0.003016
2024-08-12,DIS,26403,85.95,11754596.0,-0.003016
2024-08-12,DIS,26403,85.95,11754596.0,-0.003016
2024-08-12,DIS,26403,85.95,11754596.0,-0.003016
2024-08-12,DIS,26403,85.95,11754596.0,-0.003016
2024-08-13,DIS,26403,85.6,14615212.0,-0.004072
2024-08-13,DIS,26403,85.6,14615212.0,-0.004072
2024-08-13,DIS,26403,85.6,14615212.0,-0.004072
2024-08-13,DIS,26403,85.6,14615212.0,-0.004072
2024-08-13,DIS,26403,85.6,14615212.0,-0.004072
2024-08-13,DIS,26403,85.6,14615212.0,-0.004072
2024-08-13,DIS,26403,85.6,14615212.0,-0.004072
2024-08-13,DIS,26403,85.6,14615212.0,-0.004072
2024-08-13,DIS,26403,85.6,14615212.0,-0.004072
2024-08-14,DIS,26403,86.3,9475119.0,0.008178
2024-08-14,DIS,26403,86.3,9475119.0,0.008178
2024-08-14,DIS,26403,86.3,9475119.0,0.008178
2024-08-14,DIS,26403,86.3,9475119.0,0.008178
2024-08-14,DIS,26403,86.3,9475119.0,0.008178
2024-08-14,DIS,26403,86.3,9475119.0,0.008178
2024-08-14,DIS,26403,86.3,9475119.0,0.008178
2024-08-14,DIS,26403,86.3,9475119.0,0.008178
2024-08-14,DIS,26403,86.3,9475119.0,0.008178
2024-08-15,DIS,26403,88.79,12400986.0,0.028853
2024-08-15,DIS,26403,88.79,12400986.0,0.028853
2024-08-15,DIS,26403,88.79,12400986.0,0.028853
2024-08-15,DIS,26403,88.79,12400986.0,0.028853
2024-08-15,DIS,26403,88.79,12400986.0,0.028853
2024-08-15,DIS,26403,88.79,12400986.0,0.028853
2024-08-15,DIS,26403,88.79,12400986.0,0.028853
2024-08-15,DIS,26403,88.79,12400986.0,0.028853
2024-08-15,DIS,26403,88.79,12400986.0,0.028853
2024-08-16,DIS,26403,89.3,10277743.0,0.005744
2024-08-16,DIS,26403,89.3,10277743.0,0.005744
2024-08-16,DIS,26403,89.3,10277743.0,0.005744
2024-08-16,DIS,26403,89.3,10277743.0,0.005744
2024-08-16,DIS,26403,89.3,10277743.0,0.005744
2024-08-16,DIS,26403,89.3,10277743.0,0.005744
2024-08-16,DIS,26403,89.3,10277743.0,0.005744
2024-08-16,DIS,26403,89.3,10277743.0,0.005744
2024-08-16,DIS,26403,89.3,10277743.0,0.005744
2024-08-19,DIS,26403,90.82,9723589.0,0.017021
2024-08-19,DIS,26403,90.82,9723589.0,0.017021
2024-08-19,DIS,26403,90.82,9723589.0,0.017021
2024-08-19,DIS,26403,90.82,9723589.0,0.017021
2024-08-19,DIS,26403,90.82,9723589.0,0.017021
2024-08-19,DIS,26403,90.82,9723589.0,0.017021
2024-08-19,DIS,26403,90.82,9723589.0,0.017021
2024-08-19,DIS,26403,90.82,9723589.0,0.017021
2024-08-19,DIS,26403,90.82,9723589.0,0.017021
2024-08-20,DIS,26403,89.74,8863436.0,-0.011892
2024-08-20,DIS,26403,89.74,8863436.0,-0.011892
2024-08-20,DIS,26403,89.74,8863436.0,-0.011892
2024-08-20,DIS,26403,89.74,8863436.0,-0.011892
2024-08-20,DIS,26403,89.74,8863436.0,-0.011892
2024-08-20,DIS,26403,89.74,8863436.0,-0.011892
2024-08-20,DIS,26403,89.74,8863436.0,-0.011892
2024-08-20,DIS,26403,89.74,8863436.0,-0.011892
2024-08-20,DIS,26403,89.74,8863436.0,-0.011892
2024-08-21,DIS,26403,90.72,7637566.0,0.010921
2024-08-21,DIS,26403,90.72,7637566.0,0.010921
2024-08-21,DIS,26403,90.72,7637566.0,0.010921
2024-08-21,DIS,26403,90.72,7637566.0,0.010921
2024-08-21,DIS,26403,90.72,7637566.0,0.010921
2024-08-21,DIS,26403,90.72,7637566.0,0.010921
2024-08-21,DIS,26403,90.72,7637566.0,0.010921
2024-08-21,DIS,26403,90.72,7637566.0,0.010921
2024-08-21,DIS,26403,90.72,7637566.0,0.010921
2024-08-22,DIS,26403,89.92,7613030.0,-0.008818
2024-08-22,DIS,26403,89.92,7613030.0,-0.008818
2024-08-22,DIS,26403,89.92,7613030.0,-0.008818
2024-08-22,DIS,26403,89.92,7613030.0,-0.008818
2024-08-22,DIS,26403,89.92,7613030.0,-0.008818
2024-08-22,DIS,26403,89.92,7613030.0,-0.008818
2024-08-22,DIS,26403,89.92,7613030.0,-0.008818
2024-08-22,DIS,26403,89.92,7613030.0,-0.008818
2024-08-22,DIS,26403,89.92,7613030.0,-0.008818
2024-08-23,DIS,26403,90.56,7369239.0,0.007117
2024-08-23,DIS,26403,90.56,7369239.0,0.007117
2024-08-23,DIS,26403,90.56,7369239.0,0.007117
2024-08-23,DIS,26403,90.56,7369239.0,0.007117
2024-08-23,DIS,26403,90.56,7369239.0,0.007117
2024-08-23,DIS,26403,90.56,7369239.0,0.007117
2024-08-23,DIS,26403,90.56,7369239.0,0.007117
2024-08-23,DIS,26403,90.56,7369239.0,0.007117
2024-08-23,DIS,26403,90.56,7369239.0,0.007117
2024-08-26,DIS,26403,91.78,8043757.0,0.013472
2024-08-26,DIS,26403,91.78,8043757.0,0.013472
2024-08-26,DIS,26403,91.78,8043757.0,0.013472
2024-08-26,DIS,26403,91.78,8043757.0,0.013472
2024-08-26,DIS,26403,91.78,8043757.0,0.013472
2024-08-26,DIS,26403,91.78,8043757.0,0.013472
2024-08-26,DIS,26403,91.78,8043757.0,0.013472
2024-08-26,DIS,26403,91.78,8043757.0,0.013472
2024-08-26,DIS,26403,91.78,8043757.0,0.013472
2024-08-27,DIS,26403,90.9,7237353.0,-0.009588
2024-08-27,DIS,26403,90.9,7237353.0,-0.009588
2024-08-27,DIS,26403,90.9,7237353.0,-0.009588
2024-08-27,DIS,26403,90.9,7237353.0,-0.009588
2024-08-27,DIS,26403,90.9,7237353.0,-0.009588
2024-08-27,DIS,26403,90.9,7237353.0,-0.009588
2024-08-27,DIS,26403,90.9,7237353.0,-0.009588
2024-08-27,DIS,26403,90.9,7237353.0,-0.009588
2024-08-27,DIS,26403,90.9,7237353.0,-0.009588
2024-08-28,DIS,26403,89.49,8569690.0,-0.015512
2024-08-28,DIS,26403,89.49,8569690.0,-0.015512
2024-08-28,DIS,26403,89.49,8569690.0,-0.015512
2024-08-28,DIS,26403,89.49,8569690.0,-0.015512
2024-08-28,DIS,26403,89.49,8569690.0,-0.015512
2024-08-28,DIS,26403,89.49,8569690.0,-0.015512
2024-08-28,DIS,26403,89.49,8569690.0,-0.015512
2024-08-28,DIS,26403,89.49,8569690.0,-0.015512
2024-08-28,DIS,26403,89.49,8569690.0,-0.015512
2024-08-29,DIS,26403,89.81,6181750.0,0.003576
2024-08-29,DIS,26403,89.81,6181750.0,0.003576
2024-08-29,DIS,26403,89.81,6181750.0,0.003576
2024-08-29,DIS,26403,89.81,6181750.0,0.003576
2024-08-29,DIS,26403,89.81,6181750.0,0.003576
2024-08-29,DIS,26403,89.81,6181750.0,0.003576
2024-08-29,DIS,26403,89.81,6181750.0,0.003576
2024-08-29,DIS,26403,89.81,6181750.0,0.003576
2024-08-29,DIS,26403,89.81,6181750.0,0.003576
2024-08-30,DIS,26403,90.38,8403632.0,0.006347
2024-08-30,DIS,26403,90.38,8403632.0,0.006347
2024-08-30,DIS,26403,90.38,8403632.0,0.006347
2024-08-30,DIS,26403,90.38,8403632.0,0.006347
2024-08-30,DIS,26403,90.38,8403632.0,0.006347
2024-08-30,DIS,26403,90.38,8403632.0,0.006347
2024-08-30,DIS,26403,90.38,8403632.0,0.006347
2024-08-30,DIS,26403,90.38,8403632.0,0.006347
2024-08-30,DIS,26403,90.38,8403632.0,0.006347
2024-09-03,DIS,26403,89.13,8465469.0,-0.013831
2024-09-03,DIS,26403,89.13,8465469.0,-0.013831
2024-09-03,DIS,26403,89.13,8465469.0,-0.013831
2024-09-03,DIS,26403,89.13,8465469.0,-0.013831
2024-09-03,DIS,26403,89.13,8465469.0,-0.013831
2024-09-03,DIS,26403,89.13,8465469.0,-0.013831
2024-09-03,DIS,26403,89.13,8465469.0,-0.013831
2024-09-03,DIS,26403,89.13,8465469.0,-0.013831
2024-09-03,DIS,26403,89.13,8465469.0,-0.013831
2024-09-04,DIS,26403,89.25,6317221.0,0.001346
2024-09-04,DIS,26403,89.25,6317221.0,0.001346
2024-09-04,DIS,26403,89.25,6317221.0,0.001346
2024-09-04,DIS,26403,89.25,6317221.0,0.001346
2024-09-04,DIS,26403,89.25,6317221.0,0.001346
2024-09-04,DIS,26403,89.25,6317221.0,0.001346
2024-09-04,DIS,26403,89.25,6317221.0,0.001346
2024-09-04,DIS,26403,89.25,6317221.0,0.001346
2024-09-04,DIS,26403,89.25,6317221.0,0.001346
2024-09-05,DIS,26403,88.65,6234114.0,-0.006723
2024-09-05,DIS,26403,88.65,6234114.0,-0.006723
2024-09-05,DIS,26403,88.65,6234114.0,-0.006723
2024-09-05,DIS,26403,88.65,6234114.0,-0.006723
2024-09-05,DIS,26403,88.65,6234114.0,-0.006723
2024-09-05,DIS,26403,88.65,6234114.0,-0.006723
2024-09-05,DIS,26403,88.65,6234114.0,-0.006723
2024-09-05,DIS,26403,88.65,6234114.0,-0.006723
2024-09-05,DIS,26403,88.65,6234114.0,-0.006723
2024-09-06,DIS,26403,87.94,7791503.0,-0.008009
2024-09-06,DIS,26403,87.94,7791503.0,-0.008009
2024-09-06,DIS,26403,87.94,7791503.0,-0.008009
2024-09-06,DIS,26403,87.94,7791503.0,-0.008009
2024-09-06,DIS,26403,87.94,7791503.0,-0.008009
2024-09-06,DIS,26403,87.94,7791503.0,-0.008009
2024-09-06,DIS,26403,87.94,7791503.0,-0.008009
2024-09-06,DIS,26403,87.94,7791503.0,-0.008009
2024-09-06,DIS,26403,87.94,7791503.0,-0.008009
2024-09-09,DIS,26403,88.34,8750247.0,0.004548
2024-09-09,DIS,26403,88.34,8750247.0,0.004548
2024-09-09,DIS,26403,88.34,8750247.0,0.004548
2024-09-09,DIS,26403,88.34,8750247.0,0.004548
2024-09-09,DIS,26403,88.34,8750247.0,0.004548
2024-09-09,DIS,26403,88.34,8750247.0,0.004548
2024-09-09,DIS,26403,88.34,8750247.0,0.004548
2024-09-09,DIS,26403,88.34,8750247.0,0.004548
2024-09-09,DIS,26403,88.34,8750247.0,0.004548
2024-09-10,DIS,26403,88.4,6858313.0,0.000679
2024-09-10,DIS,26403,88.4,6858313.0,0.000679
2024-09-10,DIS,26403,88.4,6858313.0,0.000679
2024-09-10,DIS,26403,88.4,6858313.0,0.000679
2024-09-10,DIS,26403,88.4,6858313.0,0.000679
2024-09-10,DIS,26403,88.4,6858313.0,0.000679
2024-09-10,DIS,26403,88.4,6858313.0,0.000679
2024-09-10,DIS,26403,88.4,6858313.0,0.000679
2024-09-10,DIS,26403,88.4,6858313.0,0.000679
2024-09-11,DIS,26403,88.32,10779000.0,-0.000905
2024-09-11,DIS,26403,88.32,10779000.0,-0.000905
2024-09-11,DIS,26403,88.32,10779000.0,-0.000905
2024-09-11,DIS,26403,88.32,10779000.0,-0.000905
2024-09-11,DIS,26403,88.32,10779000.0,-0.000905
2024-09-11,DIS,26403,88.32,10779000.0,-0.000905
2024-09-11,DIS,26403,88.32,10779000.0,-0.000905
2024-09-11,DIS,26403,88.32,10779000.0,-0.000905
2024-09-11,DIS,26403,88.32,10779000.0,-0.000905
2024-09-12,DIS,26403,89.3,7181709.0,0.011096
2024-09-12,DIS,26403,89.3,7181709.0,0.011096
2024-09-12,DIS,26403,89.3,7181709.0,0.011096
2024-09-12,DIS,26403,89.3,7181709.0,0.011096
2024-09-12,DIS,26403,89.3,7181709.0,0.011096
2024-09-12,DIS,26403,89.3,7181709.0,0.011096
2024-09-12,DIS,26403,89.3,7181709.0,0.011096
2024-09-12,DIS,26403,89.3,7181709.0,0.011096
2024-09-12,DIS,26403,89.3,7181709.0,0.011096
2024-09-13,DIS,26403,90.55,7084239.0,0.013998
2024-09-13,DIS,26403,90.55,7084239.0,0.013998
2024-09-13,DIS,26403,90.55,7084239.0,0.013998
2024-09-13,DIS,26403,90.55,7084239.0,0.013998
2024-09-13,DIS,26403,90.55,7084239.0,0.013998
2024-09-13,DIS,26403,90.55,7084239.0,0.013998
2024-09-13,DIS,26403,90.55,7084239.0,0.013998
2024-09-13,DIS,26403,90.55,7084239.0,0.013998
2024-09-13,DIS,26403,90.55,7084239.0,0.013998
2024-09-16,DIS,26403,91.85,9028572.0,0.014357
2024-09-16,DIS,26403,91.85,9028572.0,0.014357
2024-09-16,DIS,26403,91.85,9028572.0,0.014357
2024-09-16,DIS,26403,91.85,9028572.0,0.014357
2024-09-16,DIS,26403,91.85,9028572.0,0.014357
2024-09-16,DIS,26403,91.85,9028572.0,0.014357
2024-09-16,DIS,26403,91.85,9028572.0,0.014357
2024-09-16,DIS,26403,91.85,9028572.0,0.014357
2024-09-16,DIS,26403,91.85,9028572.0,0.014357
2024-09-17,DIS,26403,92.86,8193075.0,0.010996
2024-09-17,DIS,26403,92.86,8193075.0,0.010996
2024-09-17,DIS,26403,92.86,8193075.0,0.010996
2024-09-17,DIS,26403,92.86,8193075.0,0.010996
2024-09-17,DIS,26403,92.86,8193075.0,0.010996
2024-09-17,DIS,26403,92.86,8193075.0,0.010996
2024-09-17,DIS,26403,92.86,8193075.0,0.010996
2024-09-17,DIS,26403,92.86,8193075.0,0.010996
2024-09-17,DIS,26403,92.86,8193075.0,0.010996
2024-09-18,DIS,26403,93.58,10289766.0,0.007754
2024-09-18,DIS,26403,93.58,10289766.0,0.007754
2024-09-18,DIS,26403,93.58,10289766.0,0.007754
2024-09-18,DIS,26403,93.58,10289766.0,0.007754
2024-09-18,DIS,26403,93.58,10289766.0,0.007754
2024-09-18,DIS,26403,93.58,10289766.0,0.007754
2024-09-18,DIS,26403,93.58,10289766.0,0.007754
2024-09-18,DIS,26403,93.58,10289766.0,0.007754
2024-09-18,DIS,26403,93.58,10289766.0,0.007754
2024-09-19,DIS,26403,93.45,10912446.0,-0.001389
2024-09-19,DIS,26403,93.45,10912446.0,-0.001389
2024-09-19,DIS,26403,93.45,10912446.0,-0.001389
2024-09-19,DIS,26403,93.45,10912446.0,-0.001389
2024-09-19,DIS,26403,93.45,10912446.0,-0.001389
2024-09-19,DIS,26403,93.45,10912446.0,-0.001389
2024-09-19,DIS,26403,93.45,10912446.0,-0.001389
2024-09-19,DIS,26403,93.45,10912446.0,-0.001389
2024-09-19,DIS,26403,93.45,10912446.0,-0.001389
2024-09-20,DIS,26403,93.75,19251537.0,0.00321
2024-09-20,DIS,26403,93.75,19251537.0,0.00321
2024-09-20,DIS,26403,93.75,19251537.0,0.00321
2024-09-20,DIS,26403,93.75,19251537.0,0.00321
2024-09-20,DIS,26403,93.75,19251537.0,0.00321
2024-09-20,DIS,26403,93.75,19251537.0,0.00321
2024-09-20,DIS,26403,93.75,19251537.0,0.00321
2024-09-20,DIS,26403,93.75,19251537.0,0.00321
2024-09-20,DIS,26403,93.75,19251537.0,0.00321
2024-09-23,DIS,26403,92.97,7338661.0,-0.00832
2024-09-23,DIS,26403,92.97,7338661.0,-0.00832
2024-09-23,DIS,26403,92.97,7338661.0,-0.00832
2024-09-23,DIS,26403,92.97,7338661.0,-0.00832
2024-09-23,DIS,26403,92.97,7338661.0,-0.00832
2024-09-23,DIS,26403,92.97,7338661.0,-0.00832
2024-09-23,DIS,26403,92.97,7338661.0,-0.00832
2024-09-23,DIS,26403,92.97,7338661.0,-0.00832
2024-09-23,DIS,26403,92.97,7338661.0,-0.00832
2024-09-24,DIS,26403,93.69,7860272.0,0.007744
2024-09-24,DIS,26403,93.69,7860272.0,0.007744
2024-09-24,DIS,26403,93.69,7860272.0,0.007744
2024-09-24,DIS,26403,93.69,7860272.0,0.007744
2024-09-24,DIS,26403,93.69,7860272.0,0.007744
2024-09-24,DIS,26403,93.69,7860272.0,0.007744
2024-09-24,DIS,26403,93.69,7860272.0,0.007744
2024-09-24,DIS,26403,93.69,7860272.0,0.007744
2024-09-24,DIS,26403,93.69,7860272.0,0.007744
2024-09-25,DIS,26403,93.92,8408242.0,0.002455
2024-09-25,DIS,26403,93.92,8408242.0,0.002455
2024-09-25,DIS,26403,93.92,8408242.0,0.002455
2024-09-25,DIS,26403,93.92,8408242.0,0.002455
2024-09-25,DIS,26403,93.92,8408242.0,0.002455
2024-09-25,DIS,26403,93.92,8408242.0,0.002455
2024-09-25,DIS,26403,93.92,8408242.0,0.002455
2024-09-25,DIS,26403,93.92,8408242.0,0.002455
2024-09-25,DIS,26403,93.92,8408242.0,0.002455
2024-09-26,DIS,26403,95.2,10061553.0,0.013629
2024-09-26,DIS,26403,95.2,10061553.0,0.013629
2024-09-26,DIS,26403,95.2,10061553.0,0.013629
2024-09-26,DIS,26403,95.2,10061553.0,0.013629
2024-09-26,DIS,26403,95.2,10061553.0,0.013629
2024-09-26,DIS,26403,95.2,10061553.0,0.013629
2024-09-26,DIS,26403,95.2,10061553.0,0.013629
2024-09-26,DIS,26403,95.2,10061553.0,0.013629
2024-09-26,DIS,26403,95.2,10061553.0,0.013629
2024-09-27,DIS,26403,96.01,10155420.0,0.008508
2024-09-27,DIS,26403,96.01,10155420.0,0.008508
2024-09-27,DIS,26403,96.01,10155420.0,0.008508
2024-09-27,DIS,26403,96.01,10155420.0,0.008508
2024-09-27,DIS,26403,96.01,10155420.0,0.008508
2024-09-27,DIS,26403,96.01,10155420.0,0.008508
2024-09-27,DIS,26403,96.01,10155420.0,0.008508
2024-09-27,DIS,26403,96.01,10155420.0,0.008508
2024-09-27,DIS,26403,96.01,10155420.0,0.008508
2024-09-30,DIS,26403,96.19,7988690.0,0.001875
2024-09-30,DIS,26403,96.19,7988690.0,0.001875
2024-09-30,DIS,26403,96.19,7988690.0,0.001875
2024-09-30,DIS,26403,96.19,7988690.0,0.001875
2024-09-30,DIS,26403,96.19,7988690.0,0.001875
2024-09-30,DIS,26403,96.19,7988690.0,0.001875
2024-09-30,DIS,26403,96.19,7988690.0,0.001875
2024-09-30,DIS,26403,96.19,7988690.0,0.001875
2024-09-30,DIS,26403,96.19,7988690.0,0.001875
2024-10-01,DIS,26403,94.05,10099234.0,-0.022248
2024-10-01,DIS,26403,94.05,10099234.0,-0.022248
2024-10-01,DIS,26403,94.05,10099234.0,-0.022248
2024-10-01,DIS,26403,94.05,10099234.0,-0.022248
2024-10-01,DIS,26403,94.05,10099234.0,-0.022248
2024-10-01,DIS,26403,94.05,10099234.0,-0.022248
2024-10-01,DIS,26403,94.05,10099234.0,-0.022248
2024-10-01,DIS,26403,94.05,10099234.0,-0.022248
2024-10-01,DIS,26403,94.05,10099234.0,-0.022248
2024-10-02,DIS,26403,94.15,6144176.0,0.001063
2024-10-02,DIS,26403,94.15,6144176.0,0.001063
2024-10-02,DIS,26403,94.15,6144176.0,0.001063
2024-10-02,DIS,26403,94.15,6144176.0,0.001063
2024-10-02,DIS,26403,94.15,6144176.0,0.001063
2024-10-02,DIS,26403,94.15,6144176.0,0.001063
2024-10-02,DIS,26403,94.15,6144176.0,0.001063
2024-10-02,DIS,26403,94.15,6144176.0,0.001063
2024-10-02,DIS,26403,94.15,6144176.0,0.001063
2024-10-03,DIS,26403,93.63,6180349.0,-0.005523
2024-10-03,DIS,26403,93.63,6180349.0,-0.005523
2024-10-03,DIS,26403,93.63,6180349.0,-0.005523
2024-10-03,DIS,26403,93.63,6180349.0,-0.005523
2024-10-03,DIS,26403,93.63,6180349.0,-0.005523
2024-10-03,DIS,26403,93.63,6180349.0,-0.005523
2024-10-03,DIS,26403,93.63,6180349.0,-0.005523
2024-10-03,DIS,26403,93.63,6180349.0,-0.005523
2024-10-03,DIS,26403,93.63,6180349.0,-0.005523
2024-10-04,DIS,26403,95.15,6317333.0,0.016234
2024-10-04,DIS,26403,95.15,6317333.0,0.016234
2024-10-04,DIS,26403,95.15,6317333.0,0.016234
2024-10-04,DIS,26403,95.15,6317333.0,0.016234
2024-10-04,DIS,26403,95.15,6317333.0,0.016234
2024-10-04,DIS,26403,95.15,6317333.0,0.016234
2024-10-04,DIS,26403,95.15,6317333.0,0.016234
2024-10-04,DIS,26403,95.15,6317333.0,0.016234
2024-10-04,DIS,26403,95.15,6317333.0,0.016234
2024-10-07,DIS,26403,92.39,11043614.0,-0.029007
2024-10-07,DIS,26403,92.39,11043614.0,-0.029007
2024-10-07,DIS,26403,92.39,11043614.0,-0.029007
2024-10-07,DIS,26403,92.39,11043614.0,-0.029007
2024-10-07,DIS,26403,92.39,11043614.0,-0.029007
2024-10-07,DIS,26403,92.39,11043614.0,-0.029007
2024-10-07,DIS,26403,92.39,11043614.0,-0.029007
2024-10-07,DIS,26403,92.39,11043614.0,-0.029007
2024-10-07,DIS,26403,92.39,11043614.0,-0.029007
2024-10-08,DIS,26403,92.51,10209056.0,0.001299
2024-10-08,DIS,26403,92.51,10209056.0,0.001299
2024-10-08,DIS,26403,92.51,10209056.0,0.001299
2024-10-08,DIS,26403,92.51,10209056.0,0.001299
2024-10-08,DIS,26403,92.51,10209056.0,0.001299
2024-10-08,DIS,26403,92.51,10209056.0,0.001299
2024-10-08,DIS,26403,92.51,10209056.0,0.001299
2024-10-08,DIS,26403,92.51,10209056.0,0.001299
2024-10-08,DIS,26403,92.51,10209056.0,0.001299
2024-10-09,DIS,26403,93.6,8654470.0,0.011783
2024-10-09,DIS,26403,93.6,8654470.0,0.011783
2024-10-09,DIS,26403,93.6,8654470.0,0.011783
2024-10-09,DIS,26403,93.6,8654470.0,0.011783
2024-10-09,DIS,26403,93.6,8654470.0,0.011783
2024-10-09,DIS,26403,93.6,8654470.0,0.011783
2024-10-09,DIS,26403,93.6,8654470.0,0.011783
2024-10-09,DIS,26403,93.6,8654470.0,0.011783
2024-10-09,DIS,26403,93.6,8654470.0,0.011783
2024-10-10,DIS,26403,92.99,6698039.0,-0.006517
2024-10-10,DIS,26403,92.99,6698039.0,-0.006517
2024-10-10,DIS,26403,92.99,6698039.0,-0.006517
2024-10-10,DIS,26403,92.99,6698039.0,-0.006517
2024-10-10,DIS,26403,92.99,6698039.0,-0.006517
2024-10-10,DIS,26403,92.99,6698039.0,-0.006517
2024-10-10,DIS,26403,92.99,6698039.0,-0.006517
2024-10-10,DIS,26403,92.99,6698039.0,-0.006517
2024-10-10,DIS,26403,92.99,6698039.0,-0.006517
2024-10-11,DIS,26403,94.13,8089133.0,0.012259
2024-10-11,DIS,26403,94.13,8089133.0,0.012259
2024-10-11,DIS,26403,94.13,8089133.0,0.012259
2024-10-11,DIS,26403,94.13,8089133.0,0.012259
2024-10-11,DIS,26403,94.13,8089133.0,0.012259
2024-10-11,DIS,26403,94.13,8089133.0,0.012259
2024-10-11,DIS,26403,94.13,8089133.0,0.012259
2024-10-11,DIS,26403,94.13,8089133.0,0.012259
2024-10-11,DIS,26403,94.13,8089133.0,0.012259
2024-10-14,DIS,26403,94.97,6261964.0,0.008924
2024-10-14,DIS,26403,94.97,6261964.0,0.008924
2024-10-14,DIS,26403,94.97,6261964.0,0.008924
2024-10-14,DIS,26403,94.97,6261964.0,0.008924
2024-10-14,DIS,26403,94.97,6261964.0,0.008924
2024-10-14,DIS,26403,94.97,6261964.0,0.008924
2024-10-14,DIS,26403,94.97,6261964.0,0.008924
2024-10-14,DIS,26403,94.97,6261964.0,0.008924
2024-10-14,DIS,26403,94.97,6261964.0,0.008924
2024-10-15,DIS,26403,94.22,6535756.0,-0.007897
2024-10-15,DIS,26403,94.22,6535756.0,-0.007897
2024-10-15,DIS,26403,94.22,6535756.0,-0.007897
2024-10-15,DIS,26403,94.22,6535756.0,-0.007897
2024-10-15,DIS,26403,94.22,6535756.0,-0.007897
2024-10-15,DIS,26403,94.22,6535756.0,-0.007897
2024-10-15,DIS,26403,94.22,6535756.0,-0.007897
2024-10-15,DIS,26403,94.22,6535756.0,-0.007897
2024-10-15,DIS,26403,94.22,6535756.0,-0.007897
2024-10-16,DIS,26403,96.75,9936286.0,0.026852
2024-10-16,DIS,26403,96.75,9936286.0,0.026852
2024-10-16,DIS,26403,96.75,9936286.0,0.026852
2024-10-16,DIS,26403,96.75,9936286.0,0.026852
2024-10-16,DIS,26403,96.75,9936286.0,0.026852
2024-10-16,DIS,26403,96.75,9936286.0,0.026852
2024-10-16,DIS,26403,96.75,9936286.0,0.026852
2024-10-16,DIS,26403,96.75,9936286.0,0.026852
2024-10-16,DIS,26403,96.75,9936286.0,0.026852
2024-10-17,DIS,26403,96.54,9542501.0,-0.002171
2024-10-17,DIS,26403,96.54,9542501.0,-0.002171
2024-10-17,DIS,26403,96.54,9542501.0,-0.002171
2024-10-17,DIS,26403,96.54,9542501.0,-0.002171
2024-10-17,DIS,26403,96.54,9542501.0,-0.002171
2024-10-17,DIS,26403,96.54,9542501.0,-0.002171
2024-10-17,DIS,26403,96.54,9542501.0,-0.002171
2024-10-17,DIS,26403,96.54,9542501.0,-0.002171
2024-10-17,DIS,26403,96.54,9542501.0,-0.002171
2024-10-18,DIS,26403,97.28,8609692.0,0.007665
2024-10-18,DIS,26403,97.28,8609692.0,0.007665
2024-10-18,DIS,26403,97.28,8609692.0,0.007665
2024-10-18,DIS,26403,97.28,8609692.0,0.007665
2024-10-18,DIS,26403,97.28,8609692.0,0.007665
2024-10-18,DIS,26403,97.28,8609692.0,0.007665
2024-10-18,DIS,26403,97.28,8609692.0,0.007665
2024-10-18,DIS,26403,97.28,8609692.0,0.007665
2024-10-18,DIS,26403,97.28,8609692.0,0.007665
2024-10-21,DIS,26403,96.62,8189949.0,-0.006785
2024-10-21,DIS,26403,96.62,8189949.0,-0.006785
2024-10-21,DIS,26403,96.62,8189949.0,-0.006785
2024-10-21,DIS,26403,96.62,8189949.0,-0.006785
2024-10-21,DIS,26403,96.62,8189949.0,-0.006785
2024-10-21,DIS,26403,96.62,8189949.0,-0.006785
2024-10-21,DIS,26403,96.62,8189949.0,-0.006785
2024-10-21,DIS,26403,96.62,8189949.0,-0.006785
2024-10-21,DIS,26403,96.62,8189949.0,-0.006785
2024-10-22,DIS,26403,96.74,5344307.0,0.001242
2024-10-22,DIS,26403,96.74,5344307.0,0.001242
2024-10-22,DIS,26403,96.74,5344307.0,0.001242
2024-10-22,DIS,26403,96.74,5344307.0,0.001242
2024-10-22,DIS,26403,96.74,5344307.0,0.001242
2024-10-22,DIS,26403,96.74,5344307.0,0.001242
2024-10-22,DIS,26403,96.74,5344307.0,0.001242
2024-10-22,DIS,26403,96.74,5344307.0,0.001242
2024-10-22,DIS,26403,96.74,5344307.0,0.001242
2024-10-23,DIS,26403,96.24,5388501.0,-0.005168
2024-10-23,DIS,26403,96.24,5388501.0,-0.005168
2024-10-23,DIS,26403,96.24,5388501.0,-0.005168
2024-10-23,DIS,26403,96.24,5388501.0,-0.005168
2024-10-23,DIS,26403,96.24,5388501.0,-0.005168
2024-10-23,DIS,26403,96.24,5388501.0,-0.005168
2024-10-23,DIS,26403,96.24,5388501.0,-0.005168
2024-10-23,DIS,26403,96.24,5388501.0,-0.005168
2024-10-23,DIS,26403,96.24,5388501.0,-0.005168
2024-10-24,DIS,26403,95.4,5015263.0,-0.008728
2024-10-24,DIS,26403,95.4,5015263.0,-0.008728
2024-10-24,DIS,26403,95.4,5015263.0,-0.008728
2024-10-24,DIS,26403,95.4,5015263.0,-0.008728
2024-10-24,DIS,26403,95.4,5015263.0,-0.008728
2024-10-24,DIS,26403,95.4,5015263.0,-0.008728
2024-10-24,DIS,26403,95.4,5015263.0,-0.008728
2024-10-24,DIS,26403,95.4,5015263.0,-0.008728
2024-10-24,DIS,26403,95.4,5015263.0,-0.008728
2024-10-25,DIS,26403,95.03,6638148.0,-0.003878
2024-10-25,DIS,26403,95.03,6638148.0,-0.003878
2024-10-25,DIS,26403,95.03,6638148.0,-0.003878
2024-10-25,DIS,26403,95.03,6638148.0,-0.003878
2024-10-25,DIS,26403,95.03,6638148.0,-0.003878
2024-10-25,DIS,26403,95.03,6638148.0,-0.003878
2024-10-25,DIS,26403,95.03,6638148.0,-0.003878
2024-10-25,DIS,26403,95.03,6638148.0,-0.003878
2024-10-25,DIS,26403,95.03,6638148.0,-0.003878
2024-10-28,DIS,26403,96.2,8146379.0,0.012312
2024-10-28,DIS,26403,96.2,8146379.0,0.012312
2024-10-28,DIS,26403,96.2,8146379.0,0.012312
2024-10-28,DIS,26403,96.2,8146379.0,0.012312
2024-10-28,DIS,26403,96.2,8146379.0,0.012312
2024-10-28,DIS,26403,96.2,8146379.0,0.012312
2024-10-28,DIS,26403,96.2,8146379.0,0.012312
2024-10-28,DIS,26403,96.2,8146379.0,0.012312
2024-10-28,DIS,26403,96.2,8146379.0,0.012312
2024-10-29,DIS,26403,96.13,6834439.0,-0.000728
2024-10-29,DIS,26403,96.13,6834439.0,-0.000728
2024-10-29,DIS,26403,96.13,6834439.0,-0.000728
2024-10-29,DIS,26403,96.13,6834439.0,-0.000728
2024-10-29,DIS,26403,96.13,6834439.0,-0.000728
2024-10-29,DIS,26403,96.13,6834439.0,-0.000728
2024-10-29,DIS,26403,96.13,6834439.0,-0.000728
2024-10-29,DIS,26403,96.13,6834439.0,-0.000728
2024-10-29,DIS,26403,96.13,6834439.0,-0.000728
2024-10-30,DIS,26403,95.08,7718201.0,-0.010923
2024-10-30,DIS,26403,95.08,7718201.0,-0.010923
2024-10-30,DIS,26403,95.08,7718201.0,-0.010923
2024-10-30,DIS,26403,95.08,7718201.0,-0.010923
2024-10-30,DIS,26403,95.08,7718201.0,-0.010923
2024-10-30,DIS,26403,95.08,7718201.0,-0.010923
2024-10-30,DIS,26403,95.08,7718201.0,-0.010923
2024-10-30,DIS,26403,95.08,7718201.0,-0.010923
2024-10-30,DIS,26403,95.08,7718201.0,-0.010923
2024-10-31,DIS,26403,96.2,8147709.0,0.01178
2024-10-31,DIS,26403,96.2,8147709.0,0.01178
2024-10-31,DIS,26403,96.2,8147709.0,0.01178
2024-10-31,DIS,26403,96.2,8147709.0,0.01178
2024-10-31,DIS,26403,96.2,8147709.0,0.01178
2024-10-31,DIS,26403,96.2,8147709.0,0.01178
2024-10-31,DIS,26403,96.2,8147709.0,0.01178
2024-10-31,DIS,26403,96.2,8147709.0,0.01178
2024-10-31,DIS,26403,96.2,8147709.0,0.01178
2024-11-01,DIS,26403,95.81,7944869.0,-0.004054
2024-11-01,DIS,26403,95.81,7944869.0,-0.004054
2024-11-01,DIS,26403,95.81,7944869.0,-0.004054
2024-11-01,DIS,26403,95.81,7944869.0,-0.004054
2024-11-01,DIS,26403,95.81,7944869.0,-0.004054
2024-11-01,DIS,26403,95.81,7944869.0,-0.004054
2024-11-01,DIS,26403,95.81,7944869.0,-0.004054
2024-11-01,DIS,26403,95.81,7944869.0,-0.004054
2024-11-01,DIS,26403,95.81,7944869.0,-0.004054
2024-11-04,DIS,26403,95.79,6088036.0,-0.000209
2024-11-04,DIS,26403,95.79,6088036.0,-0.000209
2024-11-04,DIS,26403,95.79,6088036.0,-0.000209
2024-11-04,DIS,26403,95.79,6088036.0,-0.000209
2024-11-04,DIS,26403,95.79,6088036.0,-0.000209
2024-11-04,DIS,26403,95.79,6088036.0,-0.000209
2024-11-04,DIS,26403,95.79,6088036.0,-0.000209
2024-11-04,DIS,26403,95.79,6088036.0,-0.000209
2024-11-04,DIS,26403,95.79,6088036.0,-0.000209
2024-11-05,DIS,26403,96.63,6561725.0,0.008769
2024-11-05,DIS,26403,96.63,6561725.0,0.008769
2024-11-05,DIS,26403,96.63,6561725.0,0.008769
2024-11-05,DIS,26403,96.63,6561725.0,0.008769
2024-11-05,DIS,26403,96.63,6561725.0,0.008769
2024-11-05,DIS,26403,96.63,6561725.0,0.008769
2024-11-05,DIS,26403,96.63,6561725.0,0.008769
2024-11-05,DIS,26403,96.63,6561725.0,0.008769
2024-11-05,DIS,26403,96.63,6561725.0,0.008769
2024-11-06,DIS,26403,98.89,11325086.0,0.023388
2024-11-06,DIS,26403,98.89,11325086.0,0.023388
2024-11-06,DIS,26403,98.89,11325086.0,0.023388
2024-11-06,DIS,26403,98.89,11325086.0,0.023388
2024-11-06,DIS,26403,98.89,11325086.0,0.023388
2024-11-06,DIS,26403,98.89,11325086.0,0.023388
2024-11-06,DIS,26403,98.89,11325086.0,0.023388
2024-11-06,DIS,26403,98.89,11325086.0,0.023388
2024-11-06,DIS,26403,98.89,11325086.0,0.023388
2024-11-07,DIS,26403,98.93,7805138.0,0.000404
2024-11-07,DIS,26403,98.93,7805138.0,0.000404
2024-11-07,DIS,26403,98.93,7805138.0,0.000404
2024-11-07,DIS,26403,98.93,7805138.0,0.000404
2024-11-07,DIS,26403,98.93,7805138.0,0.000404
2024-11-07,DIS,26403,98.93,7805138.0,0.000404
2024-11-07,DIS,26403,98.93,7805138.0,0.000404
2024-11-07,DIS,26403,98.93,7805138.0,0.000404
2024-11-07,DIS,26403,98.93,7805138.0,0.000404
2024-11-08,DIS,26403,99.02,7982113.0,0.00091
2024-11-08,DIS,26403,99.02,7982113.0,0.00091
2024-11-08,DIS,26403,99.02,7982113.0,0.00091
2024-11-08,DIS,26403,99.02,7982113.0,0.00091
2024-11-08,DIS,26403,99.02,7982113.0,0.00091
2024-11-08,DIS,26403,99.02,7982113.0,0.00091
2024-11-08,DIS,26403,99.02,7982113.0,0.00091
2024-11-08,DIS,26403,99.02,7982113.0,0.00091
2024-11-08,DIS,26403,99.02,7982113.0,0.00091
2024-11-11,DIS,26403,100.86,9137854.0,0.018582
2024-11-11,DIS,26403,100.86,9137854.0,0.018582
2024-11-11,DIS,26403,100.86,9137854.0,0.018582
2024-11-11,DIS,26403,100.86,9137854.0,0.018582
2024-11-11,DIS,26403,100.86,9137854.0,0.018582
2024-11-11,DIS,26403,100.86,9137854.0,0.018582
2024-11-11,DIS,26403,100.86,9137854.0,0.018582
2024-11-11,DIS,26403,100.86,9137854.0,0.018582
2024-11-11,DIS,26403,100.86,9137854.0,0.018582
2024-11-12,DIS,26403,100.99,9366216.0,0.001289
2024-11-12,DIS,26403,100.99,9366216.0,0.001289
2024-11-12,DIS,26403,100.99,9366216.0,0.001289
2024-11-12,DIS,26403,100.99,9366216.0,0.001289
2024-11-12,DIS,26403,100.99,9366216.0,0.001289
2024-11-12,DIS,26403,100.99,9366216.0,0.001289
2024-11-12,DIS,26403,100.99,9366216.0,0.001289
2024-11-12,DIS,26403,100.99,9366216.0,0.001289
2024-11-12,DIS,26403,100.99,9366216.0,0.001289
2024-11-13,DIS,26403,102.72,17701277.0,0.01713
2024-11-13,DIS,26403,102.72,17701277.0,0.01713
2024-11-13,DIS,26403,102.72,17701277.0,0.01713
2024-11-13,DIS,26403,102.72,17701277.0,0.01713
2024-11-13,DIS,26403,102.72,17701277.0,0.01713
2024-11-13,DIS,26403,102.72,17701277.0,0.01713
2024-11-13,DIS,26403,102.72,17701277.0,0.01713
2024-11-13,DIS,26403,102.72,17701277.0,0.01713
2024-11-13,DIS,26403,102.72,17701277.0,0.01713
2024-11-14,DIS,26403,109.12,47436052.0,0.062305
2024-11-14,DIS,26403,109.12,47436052.0,0.062305
2024-11-14,DIS,26403,109.12,47436052.0,0.062305
2024-11-14,DIS,26403,109.12,47436052.0,0.062305
2024-11-14,DIS,26403,109.12,47436052.0,0.062305
2024-11-14,DIS,26403,109.12,47436052.0,0.062305
2024-11-14,DIS,26403,109.12,47436052.0,0.062305
2024-11-14,DIS,26403,109.12,47436052.0,0.062305
2024-11-14,DIS,26403,109.12,47436052.0,0.062305
2024-11-15,DIS,26403,115.08,32048032.0,0.054619
2024-11-15,DIS,26403,115.08,32048032.0,0.054619
2024-11-15,DIS,26403,115.08,32048032.0,0.054619
2024-11-15,DIS,26403,115.08,32048032.0,0.054619
2024-11-15,DIS,26403,115.08,32048032.0,0.054619
2024-11-15,DIS,26403,115.08,32048032.0,0.054619
2024-11-15,DIS,26403,115.08,32048032.0,0.054619
2024-11-15,DIS,26403,115.08,32048032.0,0.054619
2024-11-15,DIS,26403,115.08,32048032.0,0.054619
2024-11-18,DIS,26403,113.54,14236555.0,-0.013382
2024-11-18,DIS,26403,113.54,14236555.0,-0.013382
2024-11-18,DIS,26403,113.54,14236555.0,-0.013382
2024-11-18,DIS,26403,113.54,14236555.0,-0.013382
2024-11-18,DIS,26403,113.54,14236555.0,-0.013382
2024-11-18,DIS,26403,113.54,14236555.0,-0.013382
2024-11-18,DIS,26403,113.54,14236555.0,-0.013382
2024-11-18,DIS,26403,113.54,14236555.0,-0.013382
2024-11-18,DIS,26403,113.54,14236555.0,-0.013382
2024-11-19,DIS,26403,112.42,12166783.0,-0.009864
2024-11-19,DIS,26403,112.42,12166783.0,-0.009864
2024-11-19,DIS,26403,112.42,12166783.0,-0.009864
2024-11-19,DIS,26403,112.42,12166783.0,-0.009864
2024-11-19,DIS,26403,112.42,12166783.0,-0.009864
2024-11-19,DIS,26403,112.42,12166783.0,-0.009864
2024-11-19,DIS,26403,112.42,12166783.0,-0.009864
2024-11-19,DIS,26403,112.42,12166783.0,-0.009864
2024-11-19,DIS,26403,112.42,12166783.0,-0.009864
2024-11-20,DIS,26403,114.26,9319270.0,0.016367
2024-11-20,DIS,26403,114.26,9319270.0,0.016367
2024-11-20,DIS,26403,114.26,9319270.0,0.016367
2024-11-20,DIS,26403,114.26,9319270.0,0.016367
2024-11-20,DIS,26403,114.26,9319270.0,0.016367
2024-11-20,DIS,26403,114.26,9319270.0,0.016367
2024-11-20,DIS,26403,114.26,9319270.0,0.016367
2024-11-20,DIS,26403,114.26,9319270.0,0.016367
2024-11-20,DIS,26403,114.26,9319270.0,0.016367
2024-11-21,DIS,26403,114.72,10260983.0,0.004026
2024-11-21,DIS,26403,114.72,10260983.0,0.004026
2024-11-21,DIS,26403,114.72,10260983.0,0.004026
2024-11-21,DIS,26403,114.72,10260983.0,0.004026
2024-11-21,DIS,26403,114.72,10260983.0,0.004026
2024-11-21,DIS,26403,114.72,10260983.0,0.004026
2024-11-21,DIS,26403,114.72,10260983.0,0.004026
2024-11-21,DIS,26403,114.72,10260983.0,0.004026
2024-11-21,DIS,26403,114.72,10260983.0,0.004026
2024-11-22,DIS,26403,115.65,10098038.0,0.008107
2024-11-22,DIS,26403,115.65,10098038.0,0.008107
2024-11-22,DIS,26403,115.65,10098038.0,0.008107
2024-11-22,DIS,26403,115.65,10098038.0,0.008107
2024-11-22,DIS,26403,115.65,10098038.0,0.008107
2024-11-22,DIS,26403,115.65,10098038.0,0.008107
2024-11-22,DIS,26403,115.65,10098038.0,0.008107
2024-11-22,DIS,26403,115.65,10098038.0,0.008107
2024-11-22,DIS,26403,115.65,10098038.0,0.008107
2024-11-25,DIS,26403,116.0,10397808.0,0.003026
2024-11-25,DIS,26403,116.0,10397808.0,0.003026
2024-11-25,DIS,26403,116.0,10397808.0,0.003026
2024-11-25,DIS,26403,116.0,10397808.0,0.003026
2024-11-25,DIS,26403,116.0,10397808.0,0.003026
2024-11-25,DIS,26403,116.0,10397808.0,0.003026
2024-11-25,DIS,26403,116.0,10397808.0,0.003026
2024-11-25,DIS,26403,116.0,10397808.0,0.003026
2024-11-25,DIS,26403,116.0,10397808.0,0.003026
2024-11-26,DIS,26403,115.45,6808149.0,-0.004741
2024-11-26,DIS,26403,115.45,6808149.0,-0.004741
2024-11-26,DIS,26403,115.45,6808149.0,-0.004741
2024-11-26,DIS,26403,115.45,6808149.0,-0.004741
2024-11-26,DIS,26403,115.45,6808149.0,-0.004741
2024-11-26,DIS,26403,115.45,6808149.0,-0.004741
2024-11-26,DIS,26403,115.45,6808149.0,-0.004741
2024-11-26,DIS,26403,115.45,6808149.0,-0.004741
2024-11-26,DIS,26403,115.45,6808149.0,-0.004741
2024-11-27,DIS,26403,117.6,8142388.0,0.018623
2024-11-27,DIS,26403,117.6,8142388.0,0.018623
2024-11-27,DIS,26403,117.6,8142388.0,0.018623
2024-11-27,DIS,26403,117.6,8142388.0,0.018623
2024-11-27,DIS,26403,117.6,8142388.0,0.018623
2024-11-27,DIS,26403,117.6,8142388.0,0.018623
2024-11-27,DIS,26403,117.6,8142388.0,0.018623
2024-11-27,DIS,26403,117.6,8142388.0,0.018623
2024-11-27,DIS,26403,117.6,8142388.0,0.018623
2024-11-29,DIS,26403,117.47,5095150.0,-0.001105
2024-11-29,DIS,26403,117.47,5095150.0,-0.001105
2024-11-29,DIS,26403,117.47,5095150.0,-0.001105
2024-11-29,DIS,26403,117.47,5095150.0,-0.001105
2024-11-29,DIS,26403,117.47,5095150.0,-0.001105
2024-11-29,DIS,26403,117.47,5095150.0,-0.001105
2024-11-29,DIS,26403,117.47,5095150.0,-0.001105
2024-11-29,DIS,26403,117.47,5095150.0,-0.001105
2024-11-29,DIS,26403,117.47,5095150.0,-0.001105
2024-12-02,DIS,26403,117.16,8390465.0,-0.002639
2024-12-02,DIS,26403,117.16,8390465.0,-0.002639
2024-12-02,DIS,26403,117.16,8390465.0,-0.002639
2024-12-02,DIS,26403,117.16,8390465.0,-0.002639
2024-12-02,DIS,26403,117.16,8390465.0,-0.002639
2024-12-02,DIS,26403,117.16,8390465.0,-0.002639
2024-12-02,DIS,26403,117.16,8390465.0,-0.002639
2024-12-02,DIS,26403,117.16,8390465.0,-0.002639
2024-12-02,DIS,26403,117.16,8390465.0,-0.002639
2024-12-03,DIS,26403,116.45,9193973.0,-0.00606
2024-12-03,DIS,26403,116.45,9193973.0,-0.00606
2024-12-03,DIS,26403,116.45,9193973.0,-0.00606
2024-12-03,DIS,26403,116.45,9193973.0,-0.00606
2024-12-03,DIS,26403,116.45,9193973.0,-0.00606
2024-12-03,DIS,26403,116.45,9193973.0,-0.00606
2024-12-03,DIS,26403,116.45,9193973.0,-0.00606
2024-12-03,DIS,26403,116.45,9193973.0,-0.00606
2024-12-03,DIS,26403,116.45,9193973.0,-0.00606
2024-12-04,DIS,26403,116.99,7996244.0,0.004637
2024-12-04,DIS,26403,116.99,7996244.0,0.004637
2024-12-04,DIS,26403,116.99,7996244.0,0.004637
2024-12-04,DIS,26403,116.99,7996244.0,0.004637
2024-12-04,DIS,26403,116.99,7996244.0,0.004637
2024-12-04,DIS,26403,116.99,7996244.0,0.004637
2024-12-04,DIS,26403,116.99,7996244.0,0.004637
2024-12-04,DIS,26403,116.99,7996244.0,0.004637
2024-12-04,DIS,26403,116.99,7996244.0,0.004637
2024-12-05,DIS,26403,116.5,9823556.0,-0.004188
2024-12-05,DIS,26403,116.5,9823556.0,-0.004188
2024-12-05,DIS,26403,116.5,9823556.0,-0.004188
2024-12-05,DIS,26403,116.5,9823556.0,-0.004188
2024-12-05,DIS,26403,116.5,9823556.0,-0.004188
2024-12-05,DIS,26403,116.5,9823556.0,-0.004188
2024-12-05,DIS,26403,116.5,9823556.0,-0.004188
2024-12-05,DIS,26403,116.5,9823556.0,-0.004188
2024-12-05,DIS,26403,116.5,9823556.0,-0.004188
2024-12-06,DIS,26403,116.73,6677906.0,0.001974
2024-12-06,DIS,26403,116.73,6677906.0,0.001974
2024-12-06,DIS,26403,116.73,6677906.0,0.001974
2024-12-06,DIS,26403,116.73,6677906.0,0.001974
2024-12-06,DIS,26403,116.73,6677906.0,0.001974
2024-12-06,DIS,26403,116.73,6677906.0,0.001974
2024-12-06,DIS,26403,116.73,6677906.0,0.001974
2024-12-06,DIS,26403,116.73,6677906.0,0.001974
2024-12-06,DIS,26403,116.73,6677906.0,0.001974
2024-12-09,DIS,26403,114.61,8666121.0,-0.018162
2024-12-09,DIS,26403,114.61,8666121.0,-0.018162
2024-12-09,DIS,26403,114.61,8666121.0,-0.018162
2024-12-09,DIS,26403,114.61,8666121.0,-0.018162
2024-12-09,DIS,26403,114.61,8666121.0,-0.018162
2024-12-09,DIS,26403,114.61,8666121.0,-0.018162
2024-12-09,DIS,26403,114.61,8666121.0,-0.018162
2024-12-09,DIS,26403,114.61,8666121.0,-0.018162
2024-12-09,DIS,26403,114.61,8666121.0,-0.018162
2024-12-10,DIS,26403,114.73,7526428.0,0.001047
2024-12-10,DIS,26403,114.73,7526428.0,0.001047
2024-12-10,DIS,26403,114.73,7526428.0,0.001047
2024-12-10,DIS,26403,114.73,7526428.0,0.001047
2024-12-10,DIS,26403,114.73,7526428.0,0.001047
2024-12-10,DIS,26403,114.73,7526428.0,0.001047
2024-12-10,DIS,26403,114.73,7526428.0,0.001047
2024-12-10,DIS,26403,114.73,7526428.0,0.001047
2024-12-10,DIS,26403,114.73,7526428.0,0.001047
2024-12-11,DIS,26403,114.61,6426831.0,-0.001046
2024-12-11,DIS,26403,114.61,6426831.0,-0.001046
2024-12-11,DIS,26403,114.61,6426831.0,-0.001046
2024-12-11,DIS,26403,114.61,6426831.0,-0.001046
2024-12-11,DIS,26403,114.61,6426831.0,-0.001046
2024-12-11,DIS,26403,114.61,6426831.0,-0.001046
2024-12-11,DIS,26403,114.61,6426831.0,-0.001046
2024-12-11,DIS,26403,114.61,6426831.0,-0.001046
2024-12-11,DIS,26403,114.61,6426831.0,-0.001046
2024-12-12,DIS,26403,114.9,5285116.0,0.00253
2024-12-12,DIS,26403,114.9,5285116.0,0.00253
2024-12-12,DIS,26403,114.9,5285116.0,0.00253
2024-12-12,DIS,26403,114.9,5285116.0,0.00253
2024-12-12,DIS,26403,114.9,5285116.0,0.00253
2024-12-12,DIS,26403,114.9,5285116.0,0.00253
2024-12-12,DIS,26403,114.9,5285116.0,0.00253
2024-12-12,DIS,26403,114.9,5285116.0,0.00253
2024-12-12,DIS,26403,114.9,5285116.0,0.00253
2024-12-13,DIS,26403,113.34,6864475.0,-0.013577
2024-12-13,DIS,26403,113.34,6864475.0,-0.013577
2024-12-13,DIS,26403,113.34,6864475.0,-0.013577
2024-12-13,DIS,26403,113.34,6864475.0,-0.013577
2024-12-13,DIS,26403,113.34,6864475.0,-0.013577
2024-12-13,DIS,26403,113.34,6864475.0,-0.013577
2024-12-13,DIS,26403,113.34,6864475.0,-0.013577
2024-12-13,DIS,26403,113.34,6864475.0,-0.013577
2024-12-13,DIS,26403,113.34,6864475.0,-0.013577
2024-12-16,DIS,26403,112.11,10528533.0,-0.006441
2024-12-16,DIS,26403,112.11,10528533.0,-0.006441
2024-12-16,DIS,26403,112.11,10528533.0,-0.006441
2024-12-16,DIS,26403,112.11,10528533.0,-0.006441
2024-12-16,DIS,26403,112.11,10528533.0,-0.006441
2024-12-16,DIS,26403,112.11,10528533.0,-0.006441
2024-12-16,DIS,26403,112.11,10528533.0,-0.006441
2024-12-16,DIS,26403,112.11,10528533.0,-0.006441
2024-12-16,DIS,26403,112.11,10528533.0,-0.006441
2024-12-17,DIS,26403,113.02,12238619.0,0.008117
2024-12-17,DIS,26403,113.02,12238619.0,0.008117
2024-12-17,DIS,26403,113.02,12238619.0,0.008117
2024-12-17,DIS,26403,113.02,12238619.0,0.008117
2024-12-17,DIS,26403,113.02,12238619.0,0.008117
2024-12-17,DIS,26403,113.02,12238619.0,0.008117
2024-12-17,DIS,26403,113.02,12238619.0,0.008117
2024-12-17,DIS,26403,113.02,12238619.0,0.008117
2024-12-17,DIS,26403,113.02,12238619.0,0.008117
2024-12-18,DIS,26403,111.35,12292778.0,-0.014776
2024-12-18,DIS,26403,111.35,12292778.0,-0.014776
2024-12-18,DIS,26403,111.35,12292778.0,-0.014776
2024-12-18,DIS,26403,111.35,12292778.0,-0.014776
2024-12-18,DIS,26403,111.35,12292778.0,-0.014776
2024-12-18,DIS,26403,111.35,12292778.0,-0.014776
2024-12-18,DIS,26403,111.35,12292778.0,-0.014776
2024-12-18,DIS,26403,111.35,12292778.0,-0.014776
2024-12-18,DIS,26403,111.35,12292778.0,-0.014776
2024-12-19,DIS,26403,111.37,9468516.0,0.00018
2024-12-19,DIS,26403,111.37,9468516.0,0.00018
2024-12-19,DIS,26403,111.37,9468516.0,0.00018
2024-12-19,DIS,26403,111.37,9468516.0,0.00018
2024-12-19,DIS,26403,111.37,9468516.0,0.00018
2024-12-19,DIS,26403,111.37,9468516.0,0.00018
2024-12-19,DIS,26403,111.37,9468516.0,0.00018
2024-12-19,DIS,26403,111.37,9468516.0,0.00018
2024-12-19,DIS,26403,111.37,9468516.0,0.00018
2024-12-20,DIS,26403,112.03,17955325.0,0.005926
2024-12-20,DIS,26403,112.03,17955325.0,0.005926
2024-12-20,DIS,26403,112.03,17955325.0,0.005926
2024-12-20,DIS,26403,112.03,17955325.0,0.005926
2024-12-20,DIS,26403,112.03,17955325.0,0.005926
2024-12-20,DIS,26403,112.03,17955325.0,0.005926
2024-12-20,DIS,26403,112.03,17955325.0,0.005926
2024-12-20,DIS,26403,112.03,17955325.0,0.005926
2024-12-20,DIS,26403,112.03,17955325.0,0.005926
2024-12-23,DIS,26403,111.4,6037212.0,-0.005623
2024-12-23,DIS,26403,111.4,6037212.0,-0.005623
2024-12-23,DIS,26403,111.4,6037212.0,-0.005623
2024-12-23,DIS,26403,111.4,6037212.0,-0.005623
2024-12-23,DIS,26403,111.4,6037212.0,-0.005623
2024-12-23,DIS,26403,111.4,6037212.0,-0.005623
2024-12-23,DIS,26403,111.4,6037212.0,-0.005623
2024-12-23,DIS,26403,111.4,6037212.0,-0.005623
2024-12-23,DIS,26403,111.4,6037212.0,-0.005623
2024-12-24,DIS,26403,112.56,2474994.0,0.010413
2024-12-24,DIS,26403,112.56,2474994.0,0.010413
2024-12-24,DIS,26403,112.56,2474994.0,0.010413
2024-12-24,DIS,26403,112.56,2474994.0,0.010413
2024-12-24,DIS,26403,112.56,2474994.0,0.010413
2024-12-24,DIS,26403,112.56,2474994.0,0.010413
2024-12-24,DIS,26403,112.56,2474994.0,0.010413
2024-12-24,DIS,26403,112.56,2474994.0,0.010413
2024-12-24,DIS,26403,112.56,2474994.0,0.010413
2024-12-26,DIS,26403,112.55,4782814.0,-8.9e-05
2024-12-26,DIS,26403,112.55,4782814.0,-8.9e-05
2024-12-26,DIS,26403,112.55,4782814.0,-8.9e-05
2024-12-26,DIS,26403,112.55,4782814.0,-8.9e-05
2024-12-26,DIS,26403,112.55,4782814.0,-8.9e-05
2024-12-26,DIS,26403,112.55,4782814.0,-8.9e-05
2024-12-26,DIS,26403,112.55,4782814.0,-8.9e-05
2024-12-26,DIS,26403,112.55,4782814.0,-8.9e-05
2024-12-26,DIS,26403,112.55,4782814.0,-8.9e-05
2024-12-27,DIS,26403,111.55,4523820.0,-0.008885
2024-12-27,DIS,26403,111.55,4523820.0,-0.008885
2024-12-27,DIS,26403,111.55,4523820.0,-0.008885
2024-12-27,DIS,26403,111.55,4523820.0,-0.008885
2024-12-27,DIS,26403,111.55,4523820.0,-0.008885
2024-12-27,DIS,26403,111.55,4523820.0,-0.008885
2024-12-27,DIS,26403,111.55,4523820.0,-0.008885
2024-12-27,DIS,26403,111.55,4523820.0,-0.008885
2024-12-27,DIS,26403,111.55,4523820.0,-0.008885
2024-12-30,DIS,26403,110.8,5716337.0,-0.006723
2024-12-30,DIS,26403,110.8,5716337.0,-0.006723
2024-12-30,DIS,26403,110.8,5716337.0,-0.006723
2024-12-30,DIS,26403,110.8,5716337.0,-0.006723
2024-12-30,DIS,26403,110.8,5716337.0,-0.006723
2024-12-30,DIS,26403,110.8,5716337.0,-0.006723
2024-12-30,DIS,26403,110.8,5716337.0,-0.006723
2024-12-30,DIS,26403,110.8,5716337.0,-0.006723
2024-12-30,DIS,26403,110.8,5716337.0,-0.006723
2024-12-31,DIS,26403,111.35,4757538.0,0.004964
2024-12-31,DIS,26403,111.35,4757538.0,0.004964
2024-12-31,DIS,26403,111.35,4757538.0,0.004964
2024-12-31,DIS,26403,111.35,4757538.0,0.004964
2024-12-31,DIS,26403,111.35,4757538.0,0.004964
2024-12-31,DIS,26403,111.35,4757538.0,0.004964
2024-12-31,DIS,26403,111.35,4757538.0,0.004964
2024-12-31,DIS,26403,111.35,4757538.0,0.004964
2024-12-31,DIS,26403,111.35,4757538.0,0.004964
